9.538729773757795627e+00 0.000000000000000000e+00 1.000013220524385815e+02 6.773053289013805767e+00
9.527592228089265092e+00 1.000000000000000056e-01 1.000000000008456595e+02 6.774599821219900342e+00
9.363514544024663877e+00 1.598750000000000115e+00 1.000000000000469100e+02 6.797563687205003369e+00
9.204179481363118143e+00 3.097500000000000142e+00 9.999999999953338659e+01 6.819986533285375963e+00
9.049587040556966500e+00 4.596250000000000391e+00 9.999999999819188190e+01 6.841885119669107951e+00
8.899737221460275904e+00 6.095000000000000639e+00 1.000000000019663560e+02 6.863275526794182291e+00
8.754630024776831831e+00 7.593750000000000888e+00 9.999999999910174608e+01 6.884173285056904845e+00
8.614265449983097511e+00 9.092500000000001137e+00 9.999999999957594810e+01 6.904593256035831850e+00
8.478643497839874144e+00 1.059125000000000050e+01 9.999999999965204722e+01 6.924549823352922573e+00
8.347764168538157392e+00 1.208999999999999986e+01 1.000000000021825173e+02 6.944056800940612284e+00
8.221627461548024485e+00 1.358874999999999922e+01 9.999999999977646326e+01 6.963127467431786677e+00
8.100233377731759887e+00 1.508749999999999858e+01 9.999999999985918464e+01 6.981774670266069904e+00
7.983581917040965870e+00 1.658624999999999972e+01 1.000000000003618794e+02 7.000010754098881627e+00
7.871673079493516134e+00 1.808500000000000085e+01 1.000000000002075780e+02 7.017847620356627125e+00
7.764506865466683116e+00 1.958375000000000199e+01 9.999999999785677574e+01 7.035296761986761460e+00
7.662083275325177745e+00 2.108250000000000313e+01 1.000000000008861605e+02 7.052369253447084319e+00
7.564402308479682091e+00 2.258125000000000426e+01 1.000000000015691199e+02 7.069075748621610700e+00
7.471463965295690457e+00 2.408000000000000540e+01 1.000000000020046826e+02 7.085426562118119165e+00
7.383268246462988849e+00 2.557875000000000654e+01 9.999999999953904251e+01 7.101431667737688969e+00
7.299815151608678221e+00 2.707750000000000767e+01 1.000000000001762146e+02 7.117100639710717047e+00
7.221104680768163142e+00 2.857625000000000881e+01 9.999999999974960474e+01 7.132442749985494324e+00
7.147136834359894664e+00 3.007500000000000995e+01 9.999999999781225313e+01 7.147466967557208228e+00
7.077911612468619218e+00 3.157375000000001108e+01 1.000000000005828440e+02 7.162181936915807512e+00
7.013429014867067934e+00 3.307250000000001222e+01 9.999999999970154363e+01 7.176596011720553392e+00
6.953689042043012414e+00 3.457125000000001336e+01 1.000000000019140032e+02 7.190717282066329652e+00
6.898691693738633113e+00 3.607000000000001450e+01 1.000000000002336975e+02 7.204553551208893403e+00
6.848436970337710150e+00 3.756875000000001563e+01 1.000000000016522677e+02 7.218112378486867264e+00
6.802924871878152757e+00 3.906750000000001677e+01 1.000000000001648885e+02 7.231401072457031454e+00
6.762155398175677234e+00 4.056625000000001791e+01 9.999999999986550847e+01 7.244426686572950302e+00
6.726128550009656593e+00 4.206500000000001904e+01 9.999999999830491504e+01 7.257196088305223114e+00
6.694844326447861427e+00 4.356375000000002018e+01 9.999999999944084550e+01 7.269715853841582920e+00
6.668302728441363847e+00 4.506250000000002132e+01 1.000000000008390515e+02 7.281992425458420293e+00
6.646503755516988576e+00 4.656125000000002245e+01 1.000000000010277574e+02 7.294031986976183823e+00
6.629447408324343982e+00 4.806000000000002359e+01 1.000000000001368790e+02 7.305840566964261207e+00
6.617133686181358776e+00 4.955875000000002473e+01 9.999999999958883734e+01 7.317423955547529779e+00
6.609562589954082412e+00 5.105750000000002586e+01 1.000000000012896635e+02 7.328787816922184284e+00
6.606734119132326555e+00 5.255625000000002700e+01 9.999999999989003641e+01 7.339937598036605948e+00
6.608648273994482736e+00 5.405500000000002814e+01 9.999999999919799620e+01 7.350878597266919279e+00
6.615305054588398015e+00 5.555375000000002927e+01 1.000000000001263061e+02 7.361615945571976738e+00
6.626704460675273189e+00 5.705250000000003041e+01 9.999999999894011182e+01 7.372154612138030139e+00
6.642846493416763920e+00 5.855125000000003155e+01 1.000000000022541684e+02 7.382499453599057126e+00
6.663731151461266045e+00 6.005000000000003268e+01 1.000000000000110703e+02 7.392655112091613745e+00
6.689358435389118007e+00 6.154875000000003382e+01 1.000000000005213678e+02 7.402626138338871620e+00
6.719728345561259530e+00 6.304750000000003496e+01 9.999999999986036414e+01 7.412416951245372587e+00
6.754840881531382735e+00 6.454625000000002899e+01 1.000000000001796678e+02 7.422031808251369434e+00
6.794696044053685213e+00 6.604500000000003013e+01 9.999999999923869609e+01 7.431474883353575756e+00
6.839293832488222868e+00 6.754375000000003126e+01 1.000000000010385719e+02 7.440750179935957220e+00
6.888634246996416799e+00 6.904250000000003240e+01 9.999999999981079668e+01 7.449861618456051993e+00
6.942717287872738119e+00 7.054125000000003354e+01 1.000000000003088019e+02 7.458813000880915922e+00
7.001542955356118370e+00 7.204000000000003467e+01 1.000000000003036575e+02 7.467608024642552245e+00
7.065111248515058229e+00 7.353875000000003581e+01 9.999999999962203390e+01 7.476250245118102988e+00
7.133422168808269070e+00 7.503750000000003695e+01 1.000000000000653984e+02 7.484743185300673396e+00
7.206475715123359826e+00 7.653625000000003809e+01 9.999999999969561770e+01 7.493090197261488505e+00
7.284271888124520089e+00 7.803500000000003922e+01 1.000000000004300063e+02 7.501294586714045920e+00
7.366810687744098196e+00 7.953375000000004036e+01 9.999999999899904424e+01 7.509359551088806484e+00
7.454092113662778019e+00 8.103250000000004150e+01 1.000000000000618456e+02 7.517288184581452093e+00
7.546116166188017615e+00 8.253125000000004263e+01 1.000000000002765432e+02 7.525083521064789061e+00
7.642882845344620257e+00 8.403000000000004377e+01 9.999999999973042009e+01 7.532748500005539860e+00
7.744392151139287250e+00 8.552875000000004491e+01 1.000000000004629470e+02 7.540285978440147474e+00
7.850644083949024576e+00 8.702750000000004604e+01 1.000000000012865087e+02 7.547698748582240214e+00
7.961638643196937259e+00 8.852625000000004718e+01 9.999999999973157117e+01 7.554989503116858351e+00
8.077375829509808369e+00 9.002500000000004832e+01 1.000000000004059757e+02 7.562160887612368931e+00
8.197855642319234803e+00 9.152375000000004945e+01 1.000000000001544862e+02 7.569215453062180465e+00
8.323078082106954767e+00 9.302250000000005059e+01 1.000000000007418919e+02 7.576155704790659584e+00
8.453043149006136403e+00 9.452125000000005173e+01 1.000000000040364512e+02 7.582984073331772379e+00
8.587750841813450720e+00 9.602000000000005286e+01 1.000000000001700897e+02 7.589702902074536794e+00
8.727201161606183533e+00 9.751875000000005400e+01 9.999999999618707136e+01 7.596314514852944733e+00
8.871394109765676106e+00 9.901750000000005514e+01 9.999999999892816049e+01 7.602821182346195528e+00
9.020329683423724987e+00 1.005162500000000563e+02 1.000000000008950991e+02 7.609225025470585102e+00
9.174007884960337478e+00 1.020150000000000574e+02 9.999999999953868723e+01 7.615528233355440157e+00
9.332428712741025478e+00 1.035137500000000585e+02 9.999999999621134350e+01 7.621732839224807599e+00
9.495592168255150511e+00 1.050125000000000597e+02 9.999999999714913201e+01 7.627840893999120020e+00
9.663498251299428077e+00 1.065112500000000608e+02 1.000000000000386677e+02 7.633854364191273945e+00
9.836146960509292825e+00 1.080100000000000620e+02 9.999999999907295489e+01 7.639775143361609899e+00
1.001353829712140175e+01 1.095087500000000631e+02 1.000000000002157634e+02 7.645605126627866177e+00
1.019567226062304677e+01 1.110075000000000642e+02 1.000000000014968862e+02 7.651346128726844498e+00
1.038254885159354401e+01 1.125062500000000654e+02 9.999999999988752108e+01 7.656999945194344015e+00
1.057416806945160559e+01 1.140050000000000665e+02 9.999999999825602970e+01 7.662568295608791047e+00
1.077052991507845725e+01 1.155037500000000676e+02 9.999999999945180207e+01 7.668052889655806226e+00
1.097163438690645343e+01 1.170025000000000688e+02 9.999999999909664439e+01 7.673455347852945252e+00
1.117748148699465993e+01 1.185012500000000699e+02 9.999999999987915089e+01 7.678777323571477353e+00
