2.749621539548535948e+05 -6.516520084883212771e-01 1.000000000024789699e+02 7.445433954007588007e+00
2.751936767366604181e+05 -4.964641041109771891e+01 9.999999999866706446e+01 7.445411679245411030e+00
2.754247597142718150e+05 -9.864116881370711098e+01 1.000000000019281146e+02 7.445389288986334009e+00
2.756554028875033837e+05 -1.476359272163164746e+02 9.999999999967015185e+01 7.445366778805123431e+00
2.758856062563872547e+05 -1.966306856189258951e+02 9.999999999957948660e+01 7.445344143321831254e+00
2.761153698215149343e+05 -2.456254440215353156e+02 1.000000000030401139e+02 7.445321426496814610e+00
2.763446935816452024e+05 -2.946202024241446793e+02 9.999999999903079129e+01 7.445298539894936951e+00
2.765735775379294064e+05 -3.436149608267540998e+02 9.999999999868133216e+01 7.445275564577988447e+00
2.768020216898595681e+05 -3.926097192293634635e+02 1.000000000001101057e+02 7.445252459476638052e+00
2.770300260375217767e+05 -4.416044776319728840e+02 9.999999999922142990e+01 7.445229234232518145e+00
2.772575905809260439e+05 -4.905992360345823045e+02 1.000000000004582290e+02 7.445205885728431561e+00
2.774847153201077599e+05 -5.395939944371916681e+02 1.000000000002061995e+02 7.445182418549960879e+00
2.777114002548728604e+05 -5.885887528398010318e+02 1.000000000010268622e+02 7.445158813595738501e+00
2.779376453854360734e+05 -6.375835112424105091e+02 9.999999999997156408e+01 7.445135090185875271e+00
2.781634507117666071e+05 -6.865782696450198728e+02 9.999999999969914199e+01 7.445111242384641059e+00
2.783888162336586392e+05 -7.355730280476293501e+02 9.999999999839683085e+01 7.445087253823330364e+00
2.786137419515009387e+05 -7.845677864502387138e+02 1.000000000035856687e+02 7.445063148808135800e+00
2.788382278648818610e+05 -8.335625448528479637e+02 1.000000000003322498e+02 7.445038905452925349e+00
2.790622739741203259e+05 -8.825573032554574411e+02 1.000000000003224159e+02 7.445014538939449089e+00
2.792858802790696500e+05 -9.315520616580668047e+02 1.000000000009854944e+02 7.444990038354307949e+00
2.795090467796194134e+05 -9.805468200606762821e+02 9.999999999909267956e+01 7.444965396405192060e+00
2.797317734759731102e+05 -1.029541578463285759e+03 1.000000000018155788e+02 7.444940621911069201e+00
2.799540603682097862e+05 -1.078536336865895237e+03 1.000000000014639880e+02 7.444915727872437827e+00
2.801759074559806031e+05 -1.127531095268504487e+03 1.000000000000117240e+02 7.444890682634408563e+00
2.803973147395065753e+05 -1.176525853671113737e+03 9.999999999629746128e+01 7.444865503515780247e+00
2.806182822188977734e+05 -1.225520612073723441e+03 9.999999999966185271e+01 7.444840191111344652e+00
2.808388098938643816e+05 -1.274515370476332691e+03 9.999999999939403494e+01 7.444814729273167231e+00
2.810588977644633269e+05 -1.323510128878942169e+03 9.999999999966169639e+01 7.444789117371538367e+00
2.812785458309735986e+05 -1.372504887281551419e+03 1.000000000000161435e+02 7.444763378800532294e+00
2.814977540931123076e+05 -1.421499645684160896e+03 1.000000000012313564e+02 7.444737487725237912e+00
2.817165225509577431e+05 -1.470494404086770373e+03 9.999999999909441328e+01 7.444711453227189857e+00
2.819348512045747484e+05 -1.519489162489379851e+03 1.000000000000689226e+02 7.444685273647595025e+00
2.821527400541916722e+05 -1.568483920891989101e+03 1.000000000025615918e+02 7.444658970186607050e+00
2.823701890990684624e+05 -1.617478679294598578e+03 1.000000000017675319e+02 7.444632479696931426e+00
2.825871983399103628e+05 -1.666473437697207828e+03 9.999999999913109150e+01 7.444605862573889787e+00
2.828037677764132968e+05 -1.715468196099817533e+03 1.000000000003468728e+02 7.444579084795288182e+00
2.830198974087566603e+05 -1.764462954502426783e+03 1.000000000001091252e+02 7.444552166879854660e+00
2.832355872368166456e+05 -1.813457712905036033e+03 9.999999999998460964e+01 7.444525094804109067e+00
2.834508372604140313e+05 -1.862452471307645510e+03 1.000000000009933672e+02 7.444497849335040662e+00
2.836656474798070849e+05 -1.911447229710254760e+03 9.999999999962894037e+01 7.444470455748454896e+00
2.838800178949022666e+05 -1.960441988112864465e+03 9.999999999937966777e+01 7.444442901938118418e+00
2.840939485059070867e+05 -2.009436746515473715e+03 1.000000000020476136e+02 7.444415203586746799e+00
2.843074393125827191e+05 -2.058431504918083192e+03 9.999999999989250909e+01 7.444387344806673745e+00
2.845204903148832382e+05 -2.107426263320692669e+03 9.999999999973866238e+01 7.444359312756583691e+00
2.847331015129918815e+05 -2.156421021723301692e+03 9.999999999664142081e+01 7.444331128192492208e+00
2.849452729067389155e+05 -2.205415780125911169e+03 1.000000000002582112e+02 7.444302764568260677e+00
2.851570044962287648e+05 -2.254410538528520192e+03 1.000000000003480807e+02 7.444274240130750897e+00
2.853682962813956547e+05 -2.303405296931129669e+03 9.999999999644209936e+01 7.444245547799027918e+00
2.855791482625195640e+05 -2.352400055333739147e+03 1.000000000020808102e+02 7.444216700270773757e+00
2.857895604389961227e+05 -2.401394813736348624e+03 9.999999999799587158e+01 7.444187654477058658e+00
2.859995328115792363e+05 -2.450389572138958101e+03 9.999999999922509630e+01 7.444158469426017000e+00
2.862090653796572005e+05 -2.499384330541567124e+03 9.999999999741955037e+01 7.444129091829711165e+00
2.864181581436067936e+05 -2.548379088944177056e+03 9.999999999966927078e+01 7.444099549471740573e+00
2.866268111031907029e+05 -2.597373847346786079e+03 9.999999999903630510e+01 7.444069824915231948e+00
2.868350242585163796e+05 -2.646368605749395556e+03 1.000000000005826450e+02 7.444039921854829878e+00
2.870427976095674676e+05 -2.695363364152005033e+03 1.000000000005552891e+02 7.444009840871323114e+00
2.872501311563042691e+05 -2.744358122554614511e+03 1.000000000010699921e+02 7.443979573896272406e+00
2.874570248988483800e+05 -2.793352880957223988e+03 9.999999999869770306e+01 7.443949135534479566e+00
2.876634788370997412e+05 -2.842347639359833011e+03 9.999999999963260677e+01 7.443918507792063544e+00
2.878694929710278520e+05 -2.891342397762442488e+03 1.000000000004650929e+02 7.443887688830540306e+00
2.880750673008104786e+05 -2.940337156165051965e+03 1.000000000000013358e+02 7.443856697351257878e+00
2.882802018261677003e+05 -2.989331914567661443e+03 1.000000000000979554e+02 7.443825499301312654e+00
2.884848965472721029e+05 -3.038326672970270920e+03 1.000000000014912303e+02 7.443794112004647801e+00
2.886891514641357935e+05 -3.087321431372879943e+03 1.000000000007423324e+02 7.443762536740446301e+00
2.888929665767439874e+05 -3.136316189775489420e+03 1.000000000006790231e+02 7.443730768970187484e+00
2.890963418849234004e+05 -3.185310948178099352e+03 9.999999999965604047e+01 7.443698789202456645e+00
2.892992773890722310e+05 -3.234305706580708375e+03 9.999999999942851048e+01 7.443666635345022264e+00
2.895017730887976359e+05 -3.283300464983317852e+03 1.000000000009774226e+02 7.443634264601580064e+00
2.897038289843696402e+05 -3.332295223385926874e+03 1.000000000006370300e+02 7.443601706332650281e+00
2.899054450754084974e+05 -3.381289981788536807e+03 9.999999999584943566e+01 7.443568920392717558e+00
2.901066213624922675e+05 -3.430284740191146284e+03 1.000000000017123796e+02 7.443535953868771315e+00
2.903073578450932982e+05 -3.479279498593755307e+03 9.999999999957502439e+01 7.443502764068133715e+00
2.905076545235107769e+05 -3.528274256996364784e+03 1.000000000002700773e+02 7.443469372096822134e+00
2.907075113976988941e+05 -3.577269015398973806e+03 9.999999999956210672e+01 7.443435774984999753e+00
2.909069284675188246e+05 -3.626263773801583739e+03 9.999999999961654851e+01 7.443401953302580587e+00
2.911059057330302894e+05 -3.675258532204193216e+03 9.999999999995219468e+01 7.443367911390774694e+00
2.913044431944106473e+05 -3.724253290606802238e+03 9.999999999933618255e+01 7.443333669346698933e+00
2.915025408513609436e+05 -3.773248049009411716e+03 1.000000000005371135e+02 7.443299188084298024e+00
2.917001987040355452e+05 -3.822242807412021193e+03 9.999999999656408534e+01 7.443264489758677271e+00
2.918974167526436504e+05 -3.871237565814630671e+03 1.000000000006850343e+02 7.443229583610785127e+00
2.920941949967673863e+05 -3.920232324217240148e+03 1.000000000023394762e+02 7.443194429790936262e+00
2.922905334366981406e+05 -3.969227082619849170e+03 9.999999999863062783e+01 7.443159062195092268e+00
2.924864320723764249e+05 -4.018221841022459103e+03 1.000000000006427996e+02 7.443123460949113479e+00
2.926818909037809353e+05 -4.067216599425068125e+03 9.999999999872997591e+01 7.443087630761244355e+00
2.928769099308782606e+05 -4.116211357827677602e+03 9.999999999941516649e+01 7.443051559101660608e+00
2.930714891536555369e+05 -4.165206116230287080e+03 9.999999999749462631e+01 7.443015247577339899e+00
2.932656285722004250e+05 -4.214200874632897467e+03 1.000000000003482938e+02 7.442978696861237253e+00
2.934593281864936580e+05 -4.263195633035506035e+03 9.999999999894667724e+01 7.442941911220895435e+00
2.936525879965351778e+05 -4.312190391438115512e+03 9.999999999840662213e+01 7.442904882598730509e+00
2.938454080022500129e+05 -4.361185149840724989e+03 1.000000000008126761e+02 7.442867598225460846e+00
2.940377882038183161e+05 -4.410179908243334467e+03 1.000000000006495355e+02 7.442830082643038025e+00
2.942297286008316441e+05 -4.459174666645943944e+03 9.999999999652150962e+01 7.442792285074484759e+00
2.944212291938388371e+05 -4.508169425048552512e+03 1.000000000005909158e+02 7.442754258608276885e+00
2.946122899824700435e+05 -4.557164183451162899e+03 1.000000000011242918e+02 7.442715965865876804e+00
2.948029109667528537e+05 -4.606158941853772376e+03 1.000000000003801262e+02 7.442677405410496050e+00
2.949930921468552551e+05 -4.655153700256380944e+03 9.999999999960722619e+01 7.442638595732274709e+00
2.951828335226593190e+05 -4.704148458658990421e+03 9.999999999967499775e+01 7.442599516891855949e+00
2.953721350943321595e+05 -4.753143217061600808e+03 1.000000000001646896e+02 7.442560188459122372e+00
2.955609968615967664e+05 -4.802137975464209376e+03 9.999999999996896349e+01 7.442520573843819598e+00
2.957494188244856778e+05 -4.851132733866818853e+03 9.999999999943408113e+01 7.442480674019773979e+00
2.959374009832122247e+05 -4.900127492269428330e+03 1.000000000001985399e+02 7.442440511496302591e+00
2.961249433376296656e+05 -4.949122250672037808e+03 1.000000000019207675e+02 7.442400065581377788e+00
2.963120458879440557e+05 -4.998117009074647285e+03 1.000000000008946444e+02 7.442359362856302063e+00
2.964987086337730289e+05 -5.047111767477256763e+03 1.000000000011665833e+02 7.442318347212237839e+00
2.966849315754392301e+05 -5.096106525879866240e+03 1.000000000028123708e+02 7.442277058132959588e+00
2.968707147127303760e+05 -5.145101284282474808e+03 9.999999999997417888e+01 7.442235469523829750e+00
2.970560580458499026e+05 -5.194096042685084285e+03 9.999999999967054976e+01 7.442193599077846500e+00
2.972409615746334894e+05 -5.243090801087694672e+03 9.999999999919045024e+01 7.442151424006354432e+00
2.974254252991742105e+05 -5.292085559490303240e+03 1.000000000013860557e+02 7.442108951796583050e+00
2.976094492193832994e+05 -5.341080317892912717e+03 9.999999999966790654e+01 7.442066172718451611e+00
2.977930333353881724e+05 -5.390075076295522194e+03 1.000000000000709122e+02 7.442023095312257475e+00
2.979761776471212506e+05 -5.439069834698131672e+03 1.000000000019736746e+02 7.441979708217109746e+00
2.981588821545184474e+05 -5.488064593100741149e+03 1.000000000012679919e+02 7.441936002998048139e+00
2.983411468576046173e+05 -5.537059351503350626e+03 9.999999999873617185e+01 7.441891977694904625e+00
2.985229717564539169e+05 -5.586054109905960104e+03 1.000000000032261340e+02 7.441847632788658018e+00
2.987043568511839840e+05 -5.635048868308569581e+03 1.000000000002596749e+02 7.441802994325844800e+00
2.988853021414559917e+05 -5.684043626711178149e+03 9.999999999917864102e+01 7.441758001199276329e+00
2.990658076274964260e+05 -5.733038385113788536e+03 1.000000000008169820e+02 7.441712683155610186e+00
2.992458733093108167e+05 -5.782033143516397104e+03 1.000000000009038814e+02 7.441667040113866705e+00
2.994254991868970683e+05 -5.831027901919006581e+03 9.999999999910818360e+01 7.441621069218109952e+00
2.996046852600646089e+05 -5.880022660321616968e+03 1.000000000011808083e+02 7.441574732493610789e+00
2.997834315290656523e+05 -5.929017418724225536e+03 1.000000000002634124e+02 7.441528070634067404e+00
2.999617379937678343e+05 -5.978012177126835013e+03 1.000000000009861338e+02 7.441481055363082575e+00
3.001396046540868119e+05 -6.027006935529444490e+03 9.999999999972003195e+01 7.441433674231841877e+00
3.003170315101843444e+05 -6.076001693932053968e+03 9.999999999755317504e+01 7.441385945381365552e+00
3.004940185621776036e+05 -6.124996452334663445e+03 9.999999999866567180e+01 7.441337880256115866e+00
3.006705658097760752e+05 -6.173991210737272013e+03 1.000000000002047500e+02 7.441289432299344142e+00
3.008466732529985602e+05 -6.222985969139882400e+03 9.999999999844273191e+01 7.441240603438181722e+00
3.010223408921136288e+05 -6.271980727542491877e+03 9.999999999924341409e+01 7.441191426649847784e+00
3.011975687268984038e+05 -6.320975485945100445e+03 9.999999999969742248e+01 7.441141865482600259e+00
3.013723567573744222e+05 -6.369970244347710832e+03 9.999999999964708763e+01 7.441091918736415955e+00
3.015467049836278311e+05 -6.418965002750319400e+03 9.999999999953611507e+01 7.441041594966716133e+00
3.017206134055845905e+05 -6.467959761152928877e+03 1.000000000000449916e+02 7.440990877613422150e+00
3.018940820232616970e+05 -6.516954519555538354e+03 1.000000000002838618e+02 7.440939766193052307e+00
3.020671108366600820e+05 -6.565949277958147832e+03 1.000000000018019648e+02 7.440888255073536683e+00
3.022396998457490117e+05 -6.614944036360757309e+03 1.000000000008752039e+02 7.440836336979049115e+00
3.024118490506156231e+05 -6.663938794763365877e+03 9.999999999740533951e+01 7.440784022584495006e+00
3.025835584512165515e+05 -6.712933553165976264e+03 1.000000000005914416e+02 7.440731290793913821e+00
3.027548280475179781e+05 -6.761928311568585741e+03 9.999999999946551554e+01 7.440678141493918929e+00
3.029256578395131510e+05 -6.810923069971194309e+03 9.999999999896492398e+01 7.440624564570359922e+00
3.030960478272992768e+05 -6.859917828373804696e+03 9.999999999889247704e+01 7.440570570526396921e+00
3.032659980107054580e+05 -6.908912586776414173e+03 9.999999999957888974e+01 7.440516126189019808e+00
3.034355083899614983e+05 -6.957907345179022741e+03 9.999999999891903713e+01 7.440461266867620438e+00
3.036045789648781647e+05 -7.006902103581632218e+03 1.000000000001401332e+02 7.440405952433317260e+00
3.037732097355988226e+05 -7.055896861984241696e+03 1.000000000025426061e+02 7.440350202447079120e+00
3.039414007019177661e+05 -7.104891620386851173e+03 1.000000000011386732e+02 7.440293980273056995e+00
3.041091518640593276e+05 -7.153886378789460650e+03 1.000000000004436913e+02 7.440237316233369924e+00
3.042764632218502811e+05 -7.202881137192070128e+03 9.999999999867176825e+01 7.440180174635646182e+00
3.044433347755180439e+05 -7.251875895594679605e+03 1.000000000016321877e+02 7.440122586721662046e+00
3.046097665247524274e+05 -7.300870653997288173e+03 1.000000000001695781e+02 7.440064498047233243e+00
3.047757584698165301e+05 -7.349865412399898560e+03 9.999999999830542663e+01 7.440005947456329594e+00
3.049413106104667531e+05 -7.398860170802508037e+03 1.000000000022879476e+02 7.439946878913818118e+00
3.051064229470026330e+05 -7.447854929205116605e+03 1.000000000002467146e+02 7.439887351233221757e+00
3.052710954791984987e+05 -7.496849687607726082e+03 9.999999999604085588e+01 7.439827314083059306e+00
3.054353282070392161e+05 -7.545844446010336469e+03 9.999999999948255436e+01 7.439766748631064353e+00
3.055991211306918995e+05 -7.594839204412945037e+03 9.999999999583778276e+01 7.439705694034820738e+00
3.057624742501406581e+05 -7.643833962815554514e+03 1.000000000009740404e+02 7.439644126473050179e+00
3.059253875652078423e+05 -7.692828721218163992e+03 1.000000000007507879e+02 7.439582018018226606e+00
3.060878610760562588e+05 -7.741823479620773469e+03 9.999999999926150451e+01 7.439519389501855429e+00
3.062498947825830546e+05 -7.790818238023382946e+03 9.999999999735452150e+01 7.439456213889655167e+00
3.064114886848937022e+05 -7.839812996425992424e+03 1.000000000000590319e+02 7.439392500001199338e+00
3.065726427828118321e+05 -7.888807754828601901e+03 9.999999999915044668e+01 7.439328213663786826e+00
3.067333570765924524e+05 -7.937802513231210469e+03 1.000000000001287503e+02 7.439263393443825478e+00
3.068936315660000546e+05 -7.986797271633819946e+03 9.999999999910792781e+01 7.439197988370145787e+00
3.070534662512197392e+05 -8.035792030036430333e+03 9.999999999844939680e+01 7.439132026589183155e+00
3.072128611321019707e+05 -8.084786788439038901e+03 1.000000000000931806e+02 7.439065467630350703e+00
3.073718162087569945e+05 -8.133781546841648378e+03 9.999999999964772712e+01 7.438998331631084149e+00
3.075303314810990705e+05 -8.182776305244258765e+03 9.999999999978579979e+01 7.438930590234123841e+00
3.076884069491703995e+05 -8.231771063646867333e+03 9.999999999997689315e+01 7.438862244335841645e+00
3.078460426129886182e+05 -8.280765822049475901e+03 9.999999999617298840e+01 7.438793293800490147e+00
3.080032384725485463e+05 -8.329760580452086288e+03 9.999999999676280993e+01 7.438723721874409556e+00
3.081599945278331288e+05 -8.378755338854693036e+03 1.000000000011850005e+02 7.438653517218820177e+00
3.083163107787673362e+05 -8.427750097257305242e+03 9.999999999853444876e+01 7.438582664368234454e+00
3.084721872255229391e+05 -8.476744855659913810e+03 9.999999999886880175e+01 7.438511183453671904e+00
3.086276238679332309e+05 -8.525739614062522378e+03 9.999999999903636194e+01 7.438439032153579156e+00
3.087826207060790621e+05 -8.574734372465132765e+03 9.999999999846076548e+01 7.438366219142197089e+00
3.089371777400189894e+05 -8.623729130867741333e+03 9.999999999847970855e+01 7.438292748611362804e+00
3.090912949695986463e+05 -8.672723889270349900e+03 9.999999999817931950e+01 7.438218576036337737e+00
3.092449723949363688e+05 -8.721718647672960287e+03 1.000000000004816201e+02 7.438143716930861515e+00
3.093982100160240079e+05 -8.770713406075570674e+03 9.999999999986869170e+01 7.438068165080582439e+00
3.095510078327921801e+05 -8.819708164478179242e+03 9.999999999928868988e+01 7.437991891053290061e+00
3.097033658453606768e+05 -8.868702922880789629e+03 1.000000000005277201e+02 7.437914912423898350e+00
3.098552840535813593e+05 -8.917697681283398197e+03 1.000000000009676313e+02 7.437837186092608022e+00
3.100067624575477676e+05 -8.966692439686006765e+03 9.999999999997322675e+01 7.437758724526011278e+00
3.101578010572429048e+05 -9.015687198088615332e+03 9.999999999834118114e+01 7.437679511789882625e+00
3.103083998526703799e+05 -9.064681956491225719e+03 1.000000000012866650e+02 7.437599534706301085e+00
3.104585588438193081e+05 -9.113676714893836106e+03 1.000000000002823128e+02 7.437518786622216105e+00
3.106082780306926579e+05 -9.162671473296444674e+03 1.000000000009287504e+02 7.437437251774484892e+00
3.107575574133073678e+05 -9.211666231699055061e+03 1.000000000012378223e+02 7.437354925670502936e+00
3.109063969916105852e+05 -9.260660990101663629e+03 1.000000000010182788e+02 7.437271783162040073e+00
3.110547967656708206e+05 -9.309655748504272196e+03 9.999999999875649337e+01 7.437187831422171769e+00
3.112027567354224739e+05 -9.358650506906882583e+03 1.000000000005068301e+02 7.437103036296924152e+00
3.113502769009321346e+05 -9.407645265309491151e+03 1.000000000012577175e+02 7.437017406973659206e+00
3.114973572621770436e+05 -9.456640023712101538e+03 9.999999999945040940e+01 7.436930926985984236e+00
3.116439978191449773e+05 -9.505634782114711925e+03 9.999999999880849089e+01 7.436843576442289994e+00
3.117901985718474025e+05 -9.554629540517320493e+03 9.999999999882786028e+01 7.436755346704860159e+00
3.119359595202192431e+05 -9.603624298919929061e+03 9.999999999944979834e+01 7.436666207057132105e+00
3.120812806643521180e+05 -9.652619057322537628e+03 9.999999999978966514e+01 7.436576169100681533e+00
3.122261620042608120e+05 -9.701613815725148015e+03 1.000000000038234020e+02 7.436485220095141457e+00
3.123706035398499807e+05 -9.750608574127758402e+03 9.999999999945703166e+01 7.436393330551983816e+00
3.125146052711310331e+05 -9.799603332530366970e+03 1.000000000020680488e+02 7.436300475518538455e+00
3.126581671981558902e+05 -9.848598090932977357e+03 1.000000000017466277e+02 7.436206664026149049e+00
3.128012893209101749e+05 -9.897592849335585925e+03 9.999999999930872718e+01 7.436111875527669390e+00
3.129439716394093120e+05 -9.946587607738194492e+03 1.000000000001383569e+02 7.436016095512499646e+00
3.130862141536563286e+05 -9.995582366140804879e+03 9.999999999926106398e+01 7.435919314019654003e+00
3.132280168635943555e+05 -1.004457712454341345e+04 1.000000000012963852e+02 7.435821493499528145e+00
3.133693797692456283e+05 -1.009357188294602383e+04 9.999999999927069894e+01 7.435722632270319821e+00
3.135103028706387850e+05 -1.014256664134863422e+04 1.000000000004736762e+02 7.435622713712744414e+00
3.136507861677685287e+05 -1.019156139975124279e+04 9.999999999975854337e+01 7.435521725696872863e+00
3.137908296606218209e+05 -1.024055615815385136e+04 1.000000000002848708e+02 7.435419643645890808e+00
3.139304333492216538e+05 -1.028955091655645992e+04 9.999999999940766315e+01 7.435316460254137283e+00
3.140695972334875260e+05 -1.033854567495907031e+04 9.999999999868185796e+01 7.435212130692588239e+00
3.142083213134900434e+05 -1.038754043336167888e+04 1.000000000009140706e+02 7.435106656411755388e+00
3.143466055892473087e+05 -1.043653519176428927e+04 1.000000000007482583e+02 7.435000029022987178e+00
3.144844500607279479e+05 -1.048552995016689965e+04 9.999999999795768701e+01 7.434892220016170228e+00
3.146218547279126942e+05 -1.053452470856950822e+04 1.000000000024154758e+02 7.434783194496042746e+00
3.147588195908639464e+05 -1.058351946697211679e+04 9.999999999890414415e+01 7.434672967429240664e+00
3.148953446494998061e+05 -1.063251422537472718e+04 1.000000000000836593e+02 7.434561479857815236e+00
3.150314299038717872e+05 -1.068150898377733574e+04 9.999999999831796060e+01 7.434448734389871305e+00
3.151670753539976431e+05 -1.073050374217994613e+04 9.999999999878140500e+01 7.434334711453790767e+00
3.153022809998114244e+05 -1.077949850058255652e+04 9.999999999924905580e+01 7.434219369708124248e+00
3.154370468413896160e+05 -1.082849325898516508e+04 9.999999999980639132e+01 7.434102712162554916e+00
3.155713728786665015e+05 -1.087748801738777365e+04 1.000000000009180496e+02 7.433984694508428248e+00
3.157052591116747353e+05 -1.092648277579038222e+04 1.000000000004491199e+02 7.433865304927075535e+00
3.158387055404181010e+05 -1.097547753419299261e+04 1.000000000012670114e+02 7.433744519741882328e+00
3.159717121648667380e+05 -1.102447229259560117e+04 1.000000000008355983e+02 7.433622306234377142e+00
3.161042789850553381e+05 -1.107346705099821156e+04 9.999999999982841814e+01 7.433498651257010259e+00
3.162364060009894310e+05 -1.112246180940082195e+04 1.000000000005031353e+02 7.433373529769062849e+00
3.163680932126152329e+05 -1.117145656780343052e+04 1.000000000001240608e+02 7.433246898243891287e+00
3.164993406199670862e+05 -1.122045132620603908e+04 9.999999999907419124e+01 7.433118743157995922e+00
3.166301482230801485e+05 -1.126944608460864947e+04 1.000000000000263611e+02 7.432989047165228236e+00
3.167605160218969104e+05 -1.131844084301125804e+04 1.000000000006657359e+02 7.432857763535974271e+00
3.168904440164149273e+05 -1.136743560141386661e+04 9.999999999917251614e+01 7.432724864835348555e+00
3.170199322066899040e+05 -1.141643035981647881e+04 1.000000000021396289e+02 7.432590336326296843e+00
3.171489805926951231e+05 -1.146542511821908738e+04 1.000000000006447749e+02 7.432454146411769713e+00
3.172775891744170222e+05 -1.151441987662169595e+04 1.000000000006710792e+02 7.432316254602130634e+00
3.174057579518391867e+05 -1.156341463502430452e+04 1.000000000009145396e+02 7.432176623484079592e+00
3.175334869250390911e+05 -1.161240939342691490e+04 1.000000000009404317e+02 7.432035251822860289e+00
3.176607760939326254e+05 -1.166140415182952347e+04 1.000000000003926033e+02 7.431892074889944411e+00
3.177876254585623974e+05 -1.171039891023213204e+04 9.999999999969918463e+01 7.431747074735336689e+00
3.179140350189119345e+05 -1.175939366863474424e+04 1.000000000008179768e+02 7.431600208999701529e+00
3.180400047749867081e+05 -1.180838842703735281e+04 9.999999999892101243e+01 7.431451448712244279e+00
3.181655347268077312e+05 -1.185738318543996138e+04 9.999999999818152219e+01 7.431300762472459631e+00
3.182906248743191827e+05 -1.190637794384257177e+04 1.000000000000157030e+02 7.431148088795884732e+00
3.184152752175600035e+05 -1.195537270224518034e+04 9.999999999828192188e+01 7.430993411901489765e+00
3.185394857565445127e+05 -1.200436746064778890e+04 9.999999999934371431e+01 7.430836692392673193e+00
3.186632564912385424e+05 -1.205336221905040111e+04 1.000000000007344454e+02 7.430677878168673978e+00
3.187865874217230012e+05 -1.210235697745300968e+04 1.000000000014560442e+02 7.430516965253371353e+00
3.189094785478496924e+05 -1.215135173585561824e+04 1.000000000005883578e+02 7.430353845946060076e+00
3.190319298697161139e+05 -1.220034649425822681e+04 9.999999999850983556e+01 7.430188520155064147e+00
3.191539413873466547e+05 -1.224934125266083720e+04 9.999999999840311204e+01 7.430020952434195358e+00
3.192755131006826414e+05 -1.229833601106344577e+04 9.999999999958238561e+01 7.429851070335689478e+00
3.193966450097570778e+05 -1.234733076946605433e+04 9.999999999978052756e+01 7.429678844943337523e+00
3.195173371145370184e+05 -1.239632552786866654e+04 9.999999999975803178e+01 7.429504212487580084e+00
3.196375894150359090e+05 -1.244532028627127511e+04 9.999999999750711766e+01 7.429327131207449142e+00
3.197574019112762180e+05 -1.249431504467388368e+04 1.000000000022485978e+02 7.429147553077109833e+00
3.198767746032476425e+05 -1.254330980307649406e+04 1.000000000032549679e+02 7.428965430997234165e+00
3.199957074909342336e+05 -1.259230456147910263e+04 1.000000000008462848e+02 7.428780703610241787e+00
3.201142005743480986e+05 -1.264129931988171120e+04 9.999999999767589998e+01 7.428593319533674411e+00
3.202322538534892956e+05 -1.269029407828432159e+04 1.000000000009228671e+02 7.428403215858424780e+00
3.203498673283599783e+05 -1.273928883668693197e+04 1.000000000002783338e+02 7.428210345007604687e+00
3.204670409989716136e+05 -1.278828359508954054e+04 1.000000000000235332e+02 7.428014649834036476e+00
3.205837748652854352e+05 -1.283727835349214911e+04 1.000000000016318182e+02 7.427816047241373454e+00
3.207000689273296157e+05 -1.288627311189475950e+04 1.000000000025790996e+02 7.427614491669427110e+00
3.208159231850944343e+05 -1.293526787029736806e+04 9.999999999972555997e+01 7.427409915286260045e+00
3.209313376386035234e+05 -1.298426262869997663e+04 9.999999999749574897e+01 7.427202260354830443e+00
3.210463122878163704e+05 -1.303325738710258702e+04 1.000000000014329942e+02 7.426991431619607731e+00
3.211608471327708103e+05 -1.308225214550519740e+04 9.999999999959267427e+01 7.426777389654842132e+00
3.212749421734609641e+05 -1.313124690390780597e+04 9.999999999641283921e+01 7.426560054436905922e+00
3.213885974098563893e+05 -1.318024166231041636e+04 9.999999999791614869e+01 7.426339329000946066e+00
3.215018128419936402e+05 -1.322923642071302493e+04 1.000000000017963799e+02 7.426115158667983884e+00
3.216145884698384325e+05 -1.327823117911563349e+04 1.000000000004364153e+02 7.425887450744419915e+00
3.217269242934247013e+05 -1.332722593751824388e+04 1.000000000012675940e+02 7.425656136979644550e+00
3.218388203127284069e+05 -1.337622069592085427e+04 9.999999999959027264e+01 7.425421123393061151e+00
3.219502765277483268e+05 -1.342521545432346284e+04 1.000000000023449047e+02 7.425182314821600293e+00
3.220612929385249736e+05 -1.347421021272607140e+04 9.999999999955531393e+01 7.424939656560168189e+00
3.221718695449932711e+05 -1.352320497112868179e+04 1.000000000039358099e+02 7.424693003527131907e+00
3.222820063472171314e+05 -1.357219972953129036e+04 1.000000000001378169e+02 7.424442315347268284e+00
3.223917033451598836e+05 -1.362119448793389893e+04 9.999999999786916760e+01 7.424187460656634485e+00
3.225009605388031923e+05 -1.367018924633650931e+04 9.999999999638554016e+01 7.423928327369211821e+00
3.226097779281911789e+05 -1.371918400473911970e+04 1.000000000010381598e+02 7.423664833883358405e+00
3.227181555133240763e+05 -1.376817876314172827e+04 1.000000000015113386e+02 7.423396882955128895e+00
3.228260932941640494e+05 -1.381717352154433866e+04 1.000000000006411369e+02 7.423124333823730936e+00
3.229335912707179086e+05 -1.386616827994694722e+04 1.000000000001266329e+02 7.422847074604433715e+00
3.230406494430196472e+05 -1.391516303834955579e+04 9.999999999829198316e+01 7.422565011410962477e+00
3.231472678110458073e+05 -1.396415779675216618e+04 1.000000000017971473e+02 7.422277998120005549e+00
3.232534463747816044e+05 -1.401315255515477475e+04 1.000000000015835582e+02 7.421985905277172613e+00
3.233591851342524751e+05 -1.406214731355738513e+04 9.999999999917943683e+01 7.421688618602408916e+00
3.234644840894551016e+05 -1.411114207195999370e+04 9.999999999870672696e+01 7.421385995877256114e+00
3.235693432403740007e+05 -1.416013683036260409e+04 9.999999999571765841e+01 7.421077888614052931e+00
3.236737625870103366e+05 -1.420913158876521265e+04 9.999999999934739492e+01 7.420764143215993869e+00
3.237777421293908264e+05 -1.425812634716782122e+04 1.000000000005870930e+02 7.420444638680691263e+00
3.238812818674945156e+05 -1.430712110557043161e+04 9.999999999871482714e+01 7.420119202331929564e+00
3.239843818013175623e+05 -1.435611586397304018e+04 9.999999999833515574e+01 7.419787666209245458e+00
3.240870419308702694e+05 -1.440511062237565056e+04 1.000000000012157813e+02 7.419449869354845184e+00
3.241892622561544995e+05 -1.445410538077826095e+04 1.000000000041745096e+02 7.419105643244064296e+00
3.242910427771602408e+05 -1.450310013918086952e+04 1.000000000011483365e+02 7.418754804565979022e+00
3.243923834938693326e+05 -1.455209489758347809e+04 9.999999999806928486e+01 7.418397146389856367e+00
3.244932844063335215e+05 -1.460108965598608847e+04 1.000000000003553282e+02 7.418032515018080808e+00
3.245937455145111308e+05 -1.465008441438869704e+04 9.999999999911064208e+01 7.417660681829495672e+00
3.246937668184327777e+05 -1.469907917279130743e+04 9.999999999908544623e+01 7.417281462015642646e+00
3.247933483180611511e+05 -1.474807393119391600e+04 1.000000000014889281e+02 7.416894604975904137e+00
3.248924900134154595e+05 -1.479706868959652638e+04 1.000000000021357778e+02 7.416499907292423366e+00
3.249911919045004761e+05 -1.484606344799913495e+04 9.999999999820306584e+01 7.416097144060725732e+00
3.250894539913189947e+05 -1.489505820640174352e+04 1.000000000016903101e+02 7.415686064226089336e+00
3.251872762738624588e+05 -1.494405296480435391e+04 1.000000000018973196e+02 7.415266418693746253e+00
3.252846587521177134e+05 -1.499304772320696247e+04 1.000000000013862973e+02 7.414837930632582008e+00
3.253816014261057717e+05 -1.504204248160957286e+04 9.999999999808625262e+01 7.414400350538738138e+00
3.254781042958252947e+05 -1.509103724001218325e+04 1.000000000000349303e+02 7.413953386542143420e+00
3.255741673612659797e+05 -1.514003199841479181e+04 9.999999999992920152e+01 7.413496741648703647e+00
3.256697906224306207e+05 -1.518902675681740038e+04 9.999999999966917130e+01 7.413030109542908086e+00
3.257649740793256788e+05 -1.523802151522001077e+04 1.000000000008241017e+02 7.412553176107571140e+00
3.258597177319457405e+05 -1.528701627362261934e+04 1.000000000011991119e+02 7.412065605202223573e+00
3.259540215802802704e+05 -1.533601103202522791e+04 9.999999999657964622e+01 7.411567041850932291e+00
3.260478856243658811e+05 -1.538500579042783829e+04 1.000000000030414071e+02 7.411057151738679849e+00
3.261413098641571123e+05 -1.543400054883044868e+04 1.000000000006340173e+02 7.410535523081010822e+00
3.262342942996858619e+05 -1.548299530723305725e+04 1.000000000021842510e+02 7.410001787713737187e+00
3.263268389309335616e+05 -1.553199006563566581e+04 9.999999999824102304e+01 7.409455521346799856e+00
3.264189437579056248e+05 -1.558098482403827620e+04 9.999999999535454265e+01 7.408896294871468058e+00
3.265106087806171854e+05 -1.562997958244088477e+04 9.999999999849789845e+01 7.408323674120655511e+00
3.266018339990347740e+05 -1.567897434084349516e+04 1.000000000004531842e+02 7.407737153902965055e+00
3.266926194131911034e+05 -1.572796909924610554e+04 1.000000000001042935e+02 7.407136286215982857e+00
3.267829650230669067e+05 -1.577696385764871411e+04 1.000000000000830198e+02 7.406520530647615175e+00
3.268728708286719047e+05 -1.582595861605132268e+04 9.999999999995405631e+01 7.405889362328096581e+00
3.269623368300115108e+05 -1.587495337445393307e+04 9.999999999965612574e+01 7.405242226852747578e+00
3.270513630270596477e+05 -1.592394813285654163e+04 1.000000000001685265e+02 7.404578496232994134e+00
3.271399494198497850e+05 -1.597294289125915020e+04 9.999999999869950784e+01 7.403897602208879825e+00
3.272280960083508398e+05 -1.602193764966176059e+04 9.999999999968402165e+01 7.403198846999487159e+00
3.273158027925892384e+05 -1.607093240806437097e+04 1.000000000021499034e+02 7.402481589204723988e+00
3.274030697725481587e+05 -1.611992716646697954e+04 9.999999999548003871e+01 7.401745098695768021e+00
3.274898969482367975e+05 -1.616892192486958811e+04 1.000000000000579377e+02 7.400988619493340082e+00
3.275762843196523027e+05 -1.621791668327219850e+04 9.999999999980313703e+01 7.400211372558839429e+00
3.276622318867873983e+05 -1.626691144167480707e+04 1.000000000016653274e+02 7.399412508717587045e+00
3.277477396496607689e+05 -1.631590620007741563e+04 9.999999999821071128e+01 7.398591192051925169e+00
3.278328076082445332e+05 -1.636490095848002784e+04 1.000000000004892371e+02 7.397746444916410979e+00
3.279174357625634875e+05 -1.641389571688263459e+04 9.999999999920557059e+01 7.396877348085807213e+00
3.280016241126110544e+05 -1.646289047528524679e+04 9.999999999978349763e+01 7.395982863112710248e+00
3.280853726583785610e+05 -1.651188523368785536e+04 9.999999999892868630e+01 7.395061898466162020e+00
3.281686813998720027e+05 -1.656087999209046393e+04 1.000000000012928894e+02 7.394113321968917241e+00
3.282515503370931838e+05 -1.660987475049307250e+04 1.000000000010004584e+02 7.393135939273864032e+00
3.283339794700448983e+05 -1.665886950889568107e+04 1.000000000026215616e+02 7.392128480198283391e+00
3.284159687987146317e+05 -1.670786426729828963e+04 1.000000000010692247e+02 7.391089580079741594e+00
3.284975183231120463e+05 -1.675685902570090184e+04 1.000000000019820021e+02 7.390017828027520608e+00
3.285786280432438361e+05 -1.680585378410351041e+04 9.999999999925711336e+01 7.388911735992236274e+00
3.286592979590900941e+05 -1.685484854250612261e+04 9.999999999762164293e+01 7.387769657631530151e+00
3.287395280706672929e+05 -1.690384330090873118e+04 9.999999999860963840e+01 7.386589930527140524e+00
3.288193183779729879e+05 -1.695283805931133975e+04 1.000000000014057946e+02 7.385370748980622402e+00
3.288986688810026972e+05 -1.700183281771394832e+04 1.000000000007006662e+02 7.384110192853260202e+00
3.289775795797628234e+05 -1.705082757611655688e+04 1.000000000016245991e+02 7.382806237180258080e+00
3.290560504742368939e+05 -1.709982233451916909e+04 9.999999999933184824e+01 7.381456678709224839e+00
3.291340815644425456e+05 -1.714881709292177766e+04 1.000000000043092001e+02 7.380059241483379218e+00
3.292116728503781487e+05 -1.719781185132438623e+04 1.000000000001633964e+02 7.378611475673553244e+00
3.292888243320429465e+05 -1.724680660972699479e+04 9.999999999754783175e+01 7.377110742364272333e+00
3.293655360094273929e+05 -1.729580136812960336e+04 9.999999999921423921e+01 7.375554205790302298e+00
3.294418078825381817e+05 -1.734479612653221193e+04 9.999999999945926277e+01 7.373938887537623721e+00
3.295176399513787474e+05 -1.739379088493482413e+04 9.999999999876740731e+01 7.372261582783000478e+00
3.295930322159413481e+05 -1.744278564333743270e+04 9.999999999604715128e+01 7.370518827140891460e+00
3.296679846762338420e+05 -1.749178040174004127e+04 1.000000000007522374e+02 7.368706942292478246e+00
3.297424973322506412e+05 -1.754077516014265348e+04 9.999999999962524555e+01 7.366821956003904326e+00
3.298165701839912799e+05 -1.758976991854526204e+04 9.999999999971529974e+01 7.364859595104556789e+00
3.298902032314561075e+05 -1.763876467694787061e+04 9.999999999753478619e+01 7.362815273445685094e+00
3.299633964746542624e+05 -1.768775943535047918e+04 9.999999999866358280e+01 7.360684072164865199e+00
3.300361499135747436e+05 -1.773675419375309139e+04 9.999999999897640635e+01 7.358460618499663042e+00
3.301084635482208105e+05 -1.778574895215569995e+04 9.999999999499847547e+01 7.356139161871794840e+00
3.301803373785942094e+05 -1.783474371055830852e+04 1.000000000007740795e+02 7.353713457356961136e+00
3.302517714046919718e+05 -1.788373846896091709e+04 1.000000000014045298e+02 7.351176749757470930e+00
3.303227656265166006e+05 -1.793273322736352566e+04 9.999999999625116232e+01 7.348521718449100071e+00
3.303933200440681539e+05 -1.798172798576613422e+04 1.000000000067226011e+02 7.345740380556825322e+00
3.304634346573438379e+05 -1.803072274416874643e+04 9.999999999977906384e+01 7.342824087197840299e+00
3.305331094663471449e+05 -1.807971750257135500e+04 1.000000000007049579e+02 7.339763387181268861e+00
3.306023444710767944e+05 -1.812871226097396357e+04 9.999999999787925731e+01 7.336547976244898628e+00
3.306711396715300507e+05 -1.817770701937657577e+04 9.999999999947668528e+01 7.333166559802651641e+00
3.307394950677136658e+05 -1.822670177777918434e+04 9.999999999940871476e+01 7.329606830927372307e+00
3.308074106596199563e+05 -1.827569653618179291e+04 9.999999999910289716e+01 7.325855197450314549e+00
3.308748864472546848e+05 -1.832469129458440148e+04 9.999999999999430145e+01 7.321896790576546188e+00
3.309419224306122633e+05 -1.837368605298701368e+04 9.999999999766190228e+01 7.317715169606381131e+00
3.310085186096983380e+05 -1.842268081138962225e+04 9.999999999943189266e+01 7.313292241145268768e+00
3.310746749845097074e+05 -1.847167556979223082e+04 1.000000000059265375e+02 7.308607941006094677e+00
3.311403915550461388e+05 -1.852067032819483939e+04 9.999999999932222750e+01 7.303640055401940501e+00
3.312056683213106007e+05 -1.856966508659744795e+04 9.999999999807573658e+01 7.298363884961428738e+00
3.312705052832989022e+05 -1.861865984500005652e+04 9.999999999782755822e+01 7.292751881595107122e+00
3.313349024410144193e+05 -1.866765460340266873e+04 1.000000000023651694e+02 7.286773320872091730e+00
3.313988597944550565e+05 -1.871664936180527729e+04 1.000000000014248371e+02 7.280393764056800165e+00
3.314623773436219199e+05 -1.876564412020788586e+04 1.000000000026751508e+02 7.273574537048359545e+00
3.315254550885146018e+05 -1.881463887861049443e+04 1.000000000035929588e+02 7.266272071158129009e+00
3.315880930291327531e+05 -1.886363363701310664e+04 9.999999999561899244e+01 7.258437137959957930e+00
3.316502911654758500e+05 -1.891262839541571520e+04 9.999999999573722675e+01 7.250013900464697514e+00
3.317120494975460460e+05 -1.896162315381832377e+04 1.000000000020147723e+02 7.240938883628449396e+00
3.317733680253405473e+05 -1.901061791222093598e+04 1.000000000009221139e+02 7.231139567769577781e+00
3.318342467488599941e+05 -1.905961267062354455e+04 1.000000000004378791e+02 7.220532850047724160e+00
3.318946856681042118e+05 -1.910860742902615311e+04 9.999999999851668520e+01 7.209023091280252871e+00
3.319546847830754123e+05 -1.915760218742876168e+04 1.000000000032810021e+02 7.196499769735902774e+00
3.320142440937690553e+05 -1.920659694583137025e+04 1.000000000106725366e+02 7.182834471495119111e+00
3.320733636001876439e+05 -1.925559170423397882e+04 9.999999999544672846e+01 7.167877480220535169e+00
3.321320433023302467e+05 -1.930458646263659102e+04 9.999999999940065720e+01 7.151453076812040344e+00
3.321902832001961069e+05 -1.935358122103919959e+04 1.000000000045968136e+02 7.133354072469885843e+00
3.322480832937851665e+05 -1.940257597944180816e+04 1.000000000083878007e+02 7.113334641286061633e+00
3.323054435830960865e+05 -1.945157073784441673e+04 1.000000000039221106e+02 7.091101224141342030e+00
3.323623640681279940e+05 -1.950056549624702893e+04 9.999999999856514421e+01 7.066300869220971670e+00
3.324188447488807142e+05 -1.954956025464963750e+04 9.999999999971605291e+01 7.038506084185837786e+00
