2.555912210951327288e+05 -6.516520084883213215e+00 1.000000000006956498e+02 7.680682906546800304e+00
2.558372437278498546e+05 -5.464248240041912652e+01 9.999999997240844607e+01 7.680646279160133538e+00
2.560827697047674446e+05 -1.027684447159550558e+02 1.000000000338341692e+02 7.680609041758150290e+00
2.563277990457107371e+05 -1.508944070314909709e+02 1.000000000459291414e+02 7.680571907611135174e+00
2.565723317421617976e+05 -1.990203693470269002e+02 1.000000000191440392e+02 7.680534587520007506e+00
2.568163677869732783e+05 -2.471463316625628011e+02 1.000000000014890702e+02 7.680496817088974915e+00
2.570599071844501304e+05 -2.952722939780986735e+02 9.999999999377634197e+01 7.680458737163536220e+00
2.573029499448545685e+05 -3.433982562936345744e+02 1.000000000616395965e+02 7.680420684602570880e+00
2.575454960537326406e+05 -3.915242186091705321e+02 1.000000000898776449e+02 7.680382181551919096e+00
2.577875455292894912e+05 -4.396501809247064898e+02 9.999999999931668526e+01 7.680343885714321139e+00
2.580290983483742748e+05 -4.877761432402423338e+02 1.000000000118566561e+02 7.680304935805931876e+00
2.582701545381817559e+05 -5.359021055557782347e+02 1.000000000609258564e+02 7.680266292063049782e+00
2.585107140667061612e+05 -5.840280678713141924e+02 9.999999999809033113e+01 7.680226876177090212e+00
2.587507769619432802e+05 -6.321540301868501501e+02 1.000000000237125164e+02 7.680187603163822985e+00
2.589903432115858595e+05 -6.802799925023859942e+02 9.999999999454472288e+01 7.680148099154273211e+00
2.592294128096623172e+05 -7.284059548179219519e+02 1.000000000015684378e+02 7.680108106266922086e+00
2.594679857730271760e+05 -7.765319171334579096e+02 1.000000000506391729e+02 7.680068209386957889e+00
2.597060620807731757e+05 -8.246578794489937536e+02 1.000000000332577628e+02 7.680027715556540180e+00
2.599436417638155981e+05 -8.727838417645297113e+02 9.999999999869612566e+01 7.679987709854749767e+00
2.601807247815345181e+05 -9.209098040800655554e+02 1.000000000407080591e+02 7.679946708156453639e+00
2.604173111684400938e+05 -9.690357663956015131e+02 9.999999997346964165e+01 7.679905995090516413e+00
2.606534009105165023e+05 -1.017161728711137471e+03 1.000000000055304525e+02 7.679865014820445701e+00
2.608889939962375211e+05 -1.065287691026673428e+03 1.000000001725212257e+02 7.679823321693103999e+00
2.611240904510662658e+05 -1.113413653342209500e+03 1.000000000690493636e+02 7.679781968698850214e+00
2.613586902544590121e+05 -1.161539615657745344e+03 1.000000000647549712e+02 7.679740091708040062e+00
2.615927934109497000e+05 -1.209665577973281188e+03 1.000000000023188846e+02 7.679697903090253241e+00
2.618263999279860000e+05 -1.257791540288817259e+03 1.000000000001491713e+02 7.679655636331959023e+00
2.620595098019244615e+05 -1.305917502604353103e+03 9.999999995112975171e+01 7.679613192688728773e+00
2.622921230281948228e+05 -1.354043464919888947e+03 1.000000000267735345e+02 7.679570330286026092e+00
2.625242396174983587e+05 -1.402169427235425019e+03 1.000000001823661364e+02 7.679527496984394297e+00
2.627558595425274107e+05 -1.450295389550960863e+03 1.000000000406414671e+02 7.679483751027649241e+00
2.629869828496557311e+05 -1.498421351866496707e+03 9.999999997592917111e+01 7.679440727466634975e+00
2.632176094958305475e+05 -1.546547314182032551e+03 1.000000000005512533e+02 7.679396800922602573e+00
2.634477395102473092e+05 -1.594673276497568395e+03 1.000000000656878996e+02 7.679353094333436047e+00
2.636773728632472339e+05 -1.642799238813104466e+03 1.000000000091684456e+02 7.679308509825820472e+00
2.639065095819628914e+05 -1.690925201128640310e+03 9.999999995383258522e+01 7.679264057831950652e+00
2.641351496535528568e+05 -1.739051163444176382e+03 9.999999996410755898e+01 7.679219214392039028e+00
2.643632930852539139e+05 -1.787177125759712226e+03 1.000000000000383693e+02 7.679174286524931503e+00
2.645909398627009359e+05 -1.835303088075248070e+03 9.999999991217197248e+01 7.679128728819717864e+00
2.648180900005113217e+05 -1.883429050390784141e+03 9.999999998226897446e+01 7.679083045068853863e+00
2.650447435052611982e+05 -1.931555012706319985e+03 1.000000000619557312e+02 7.679037550811240287e+00
2.652709003600123106e+05 -1.979680975021855829e+03 1.000000001347756324e+02 7.678991546104840360e+00
2.654965605530288885e+05 -2.027806937337391901e+03 9.999999991307427649e+01 7.678944671841075653e+00
2.657217241195127135e+05 -2.075932899652927517e+03 9.999999997843725907e+01 7.678898156162516919e+00
2.659463910360649461e+05 -2.124058861968463589e+03 9.999999992631522616e+01 7.678851154475851537e+00
2.661705613107057870e+05 -2.172184824283999660e+03 9.999999987077083574e+01 7.678803984986628528e+00
2.663942349394959165e+05 -2.220310786599535732e+03 9.999999996064292418e+01 7.678756419643645970e+00
2.666174119221946457e+05 -2.268436748915071348e+03 1.000000000304090975e+02 7.678708512286145371e+00
2.668400922663523233e+05 -2.316562711230607420e+03 1.000000000033074912e+02 7.678660569881987641e+00
2.670622759652591776e+05 -2.364688673546143491e+03 9.999999999846561138e+01 7.678612313694605618e+00
2.672839630128220306e+05 -2.412814635861679108e+03 1.000000000322986864e+02 7.678563448990502138e+00
2.675051534208408557e+05 -2.460940598177215179e+03 9.999999998404821611e+01 7.678514511409005650e+00
2.677258471864503808e+05 -2.509066560492751250e+03 9.999999993744786764e+01 7.678465359086204423e+00
2.679460443071372574e+05 -2.557192522808286867e+03 1.000000000092875183e+02 7.678415852720566370e+00
2.681657447793139727e+05 -2.605318485123822938e+03 9.999999998778483246e+01 7.678365887149843694e+00
2.683849486160631641e+05 -2.653444447439359010e+03 1.000000000365062363e+02 7.678315977977988815e+00
2.686036557948928094e+05 -2.701570409754894627e+03 9.999999980770104457e+01 7.678265254582408161e+00
2.688218663369286223e+05 -2.749696372070430698e+03 9.999999992074893385e+01 7.678214437869613107e+00
2.690395802321149968e+05 -2.797822334385966769e+03 9.999999994928502645e+01 7.678163214619977417e+00
2.692567974875293439e+05 -2.845948296701502386e+03 9.999999990930145088e+01 7.678111916448131069e+00
2.694735180892907665e+05 -2.894074259017038003e+03 1.000000000811222094e+02 7.678059816586968012e+00
2.696897420586140361e+05 -2.942200221332574074e+03 9.999999991300008162e+01 7.678008012493654277e+00
2.699054693750274018e+05 -2.990326183648110145e+03 1.000000000032252956e+02 7.677955435148252405e+00
2.701207000507183839e+05 -3.038452145963645762e+03 9.999999996830970872e+01 7.677902705212725998e+00
2.703354340831266600e+05 -3.086578108279181833e+03 9.999999999637216774e+01 7.677849682526614039e+00
2.705496714686751948e+05 -3.134704070594717905e+03 9.999999999449946131e+01 7.677796222712486518e+00
2.707634122086734278e+05 -3.182830032910253522e+03 1.000000000022503457e+02 7.677742360415255263e+00
2.709766563164453255e+05 -3.230955995225789593e+03 1.000000000659684787e+02 7.677688694798612268e+00
2.711894037648902158e+05 -3.279081957541325664e+03 9.999999978224477104e+01 7.677634103196811388e+00
2.714016545850621187e+05 -3.327207919856861281e+03 1.000000002965585821e+02 7.677579651259818228e+00
2.716134087387875188e+05 -3.375333882172397352e+03 9.999999996467393260e+01 7.677524080461989975e+00
2.718246662664300529e+05 -3.423459844487933424e+03 9.999999999955348073e+01 7.677468905792147247e+00
2.720354271420685109e+05 -3.471585806803469495e+03 1.000000000134696592e+02 7.677413007190140526e+00
2.722456913740235614e+05 -3.519711769119005112e+03 1.000000000914163820e+02 7.677356764676130929e+00
2.724554589550542878e+05 -3.567837731434541183e+03 9.999999999819212348e+01 7.677299888366762026e+00
2.726647299030025024e+05 -3.615963693750077255e+03 9.999999999997700684e+01 7.677243145275159719e+00
2.728735042058206163e+05 -3.664089656065612871e+03 9.999999997514926520e+01 7.677186014703208272e+00
2.730817818545899936e+05 -3.712215618381148943e+03 1.000000000000697042e+02 7.677128001831293069e+00
2.732895628661146038e+05 -3.760341580696685014e+03 9.999999988625791048e+01 7.677070017587463546e+00
2.734968472267001052e+05 -3.808467543012220631e+03 1.000000000620562588e+02 7.677011208759000560e+00
2.737036349598285742e+05 -3.856593505327756702e+03 9.999999996486398857e+01 7.676952947178413034e+00
2.739099260361841880e+05 -3.904719467643292774e+03 1.000000000671613236e+02 7.676893617023137217e+00
2.741157204604040598e+05 -3.952845429958828390e+03 1.000000000006083951e+02 7.676833536625196075e+00
2.743210182534026098e+05 -4.000971392274364462e+03 1.000000000226119568e+02 7.676773696783333101e+00
2.745258193966072868e+05 -4.049097354589900533e+03 1.000000000580437529e+02 7.676713169765524647e+00
2.747301238961262861e+05 -4.097223316905436150e+03 1.000000000123913253e+02 7.676652290453637839e+00
2.749339317548511899e+05 -4.145349279220971766e+03 9.999999993010902699e+01 7.676591190623649474e+00
2.751372429634582368e+05 -4.193475241536507383e+03 9.999999999062754341e+01 7.676529328298670407e+00
2.753400575327133411e+05 -4.241601203852043000e+03 9.999999999816256491e+01 7.676467334918591234e+00
2.755423754496269394e+05 -4.289727166167579526e+03 9.999999999350201563e+01 7.676404484531918371e+00
2.757441967315661605e+05 -4.337853128483115142e+03 9.999999999283916452e+01 7.676341712211326218e+00
2.759455213673432590e+05 -4.385979090798650759e+03 9.999999999957816499e+01 7.676278394787620307e+00
2.761463493576043402e+05 -4.434105053114187285e+03 1.000000000881076829e+02 7.676214559995920617e+00
2.763466806975288200e+05 -4.482231015429722902e+03 9.999999999115139815e+01 7.676150001493284414e+00
2.765465153989666724e+05 -4.530356977745258519e+03 1.000000000692621853e+02 7.676085269407186829e+00
2.767458534573574434e+05 -4.578482940060795045e+03 1.000000000138001752e+02 7.676020196047330657e+00
2.769446948736597551e+05 -4.626608902376330661e+03 1.000000000328851968e+02 7.675954756147031155e+00
2.771430396350706578e+05 -4.674734864691866278e+03 1.000000000738907318e+02 7.675888268452191632e+00
2.773408877581260749e+05 -4.722860827007402804e+03 1.000000000552651471e+02 7.675821672398975615e+00
2.775382392337716883e+05 -4.770986789322938421e+03 1.000000000556576225e+02 7.675754405253422341e+00
2.777350940775680938e+05 -4.819112751638474037e+03 9.999999993220788497e+01 7.675687418099962578e+00
2.779314522651954321e+05 -4.867238713954010564e+03 9.999999999886573221e+01 7.675619219085731082e+00
2.781273138123003882e+05 -4.915364676269546180e+03 1.000000000933043935e+02 7.675550740781080350e+00
2.783226787180378451e+05 -4.963490638585081797e+03 1.000000000278963626e+02 7.675482001856429370e+00
2.785175469708848395e+05 -5.011616600900618323e+03 9.999999996055188944e+01 7.675412252061012630e+00
2.787119185906954226e+05 -5.059742563216153940e+03 1.000000000504515612e+02 7.675342624379850598e+00
2.789057935583612416e+05 -5.107868525531689556e+03 1.000000000216252829e+02 7.675272062527910499e+00
2.790991718783375691e+05 -5.155994487847226083e+03 9.999999999884292379e+01 7.675200784954890665e+00
2.792920535568724736e+05 -5.204120450162761699e+03 1.000000000011294077e+02 7.675129153293632989e+00
2.794844385949461139e+05 -5.252246412478297316e+03 9.999999999334063716e+01 7.675057225772185632e+00
2.796763269881087472e+05 -5.300372374793833842e+03 1.000000000053125717e+02 7.674984732156271861e+00
2.798677187355254428e+05 -5.348498337109369459e+03 1.000000002005422033e+02 7.674911556066621898e+00
2.800586138335461146e+05 -5.396624299424905075e+03 9.999999998298315518e+01 7.674837654209457405e+00
2.802490122966008494e+05 -5.444750261740441601e+03 1.000000000019951329e+02 7.674763714523251679e+00
2.804389141098918044e+05 -5.492876224055977218e+03 9.999999999778005133e+01 7.674688890538862829e+00
2.806283192760017118e+05 -5.541002186371513744e+03 1.000000000004401812e+02 7.674613320143444994e+00
2.808172278047304717e+05 -5.589128148687049361e+03 9.999999996132487468e+01 7.674537632455424863e+00
2.810056396859641536e+05 -5.637254111002584978e+03 1.000000000191431013e+02 7.674461142577816197e+00
2.811935549212998594e+05 -5.685380073318121504e+03 9.999999996660012869e+01 7.674384002302913288e+00
2.813809735148276086e+05 -5.733506035633657120e+03 1.000000000134985072e+02 7.674306410932793199e+00
2.815678954592280788e+05 -5.781631997949192737e+03 9.999999974347468878e+01 7.674228012081256267e+00
2.817543207674385048e+05 -5.829757960264729263e+03 9.999999993149850752e+01 7.674149399211060540e+00
2.819402494249547017e+05 -5.877883922580264880e+03 1.000000000444906618e+02 7.674069799126892022e+00
2.821256814418624854e+05 -5.926009884895800496e+03 9.999999999309582677e+01 7.673989868104981404e+00
2.823106168138913345e+05 -5.974135847211337023e+03 1.000000000185878690e+02 7.673909261053887931e+00
2.824950555368643254e+05 -6.022261809526872639e+03 9.999999999097140346e+01 7.673827721512062716e+00
2.826789976209813030e+05 -6.070387771842408256e+03 1.000000000016809594e+02 7.673745910736013087e+00
2.828624430579582113e+05 -6.118513734157944782e+03 9.999999996711483163e+01 7.673663273188287448e+00
2.830453918515217374e+05 -6.166639696473480399e+03 9.999999997730139967e+01 7.673580037411599442e+00
2.832278439984112629e+05 -6.214765658789016015e+03 1.000000000320168141e+02 7.673495969262832617e+00
2.834097995036225184e+05 -6.262891621104552542e+03 1.000000000077717175e+02 7.673411446899631727e+00
2.835912583674883354e+05 -6.311017583420088158e+03 9.999999999069385126e+01 7.673326447158515862e+00
2.837722205820413074e+05 -6.359143545735623775e+03 1.000000000032950425e+02 7.673240416426329702e+00
2.839526861539264792e+05 -6.407269508051160301e+03 9.999999999284796104e+01 7.673153816750946099e+00
2.841326550826688763e+05 -6.455395470366695918e+03 9.999999998278285318e+01 7.673066603576283562e+00
2.843121273619303247e+05 -6.503521432682231534e+03 1.000000000022129001e+02 7.672978304689933360e+00
2.844911030029135873e+05 -6.551647394997768060e+03 9.999999998704117843e+01 7.672889737095445639e+00
2.846695819953908212e+05 -6.599773357313303677e+03 1.000000000036216505e+02 7.672800139072210257e+00
2.848475643457769183e+05 -6.647899319628839294e+03 1.000000000127449198e+02 7.672709967202872683e+00
2.850250500520853093e+05 -6.696025281944375820e+03 1.000000000587559299e+02 7.672619050204562363e+00
2.852020391132506193e+05 -6.744151244259911437e+03 9.999999998710421778e+01 7.672527378025625566e+00
2.853785315318155335e+05 -6.792277206575447053e+03 1.000000000356462380e+02 7.672435028182162498e+00
2.855545273021616158e+05 -6.840403168890983579e+03 9.999999995589475077e+01 7.672341656237092522e+00
2.857300264320924180e+05 -6.888529131206519196e+03 1.000000000387705654e+02 7.672247764756581212e+00
2.859050289140152745e+05 -6.936655093522055722e+03 9.999999995491779714e+01 7.672152838703380162e+00
2.860795347547872807e+05 -6.984781055837591339e+03 9.999999999503079096e+01 7.672057326395766985e+00
2.862535439502064255e+05 -7.032907018153126955e+03 1.000000000100750839e+02 7.671960933176665165e+00
2.864270565018486232e+05 -7.081032980468663482e+03 9.999999999955836927e+01 7.671863773983038648e+00
2.866000724095645128e+05 -7.129158942784199098e+03 9.999999999336976941e+01 7.671765816596370691e+00
2.867725916720306268e+05 -7.177284905099733805e+03 1.000000000321536930e+02 7.671666933153316492e+00
2.869446142870896729e+05 -7.225410867415270332e+03 1.000000000275367000e+02 7.671566966853423430e+00
2.871161402625453775e+05 -7.273536829730805948e+03 1.000000000015647714e+02 7.671466519999037281e+00
2.872871695897479658e+05 -7.321662792046341565e+03 9.999999998162236636e+01 7.671364896159616364e+00
2.874577022753963247e+05 -7.369788754361878091e+03 1.000000000343074475e+02 7.671262570702468864e+00
2.876277383168366505e+05 -7.417914716677413708e+03 9.999999995599785052e+01 7.671159409092521031e+00
2.877972777116318466e+05 -7.466040678992949324e+03 9.999999998645861865e+01 7.671055116161731746e+00
2.879663204651581473e+05 -7.514166641308485850e+03 1.000000000244544225e+02 7.670950164300945673e+00
2.881348665718199918e+05 -7.562292603624021467e+03 9.999999991244209241e+01 7.670844101666055792e+00
2.883029160345890559e+05 -7.610418565939557084e+03 9.999999999086669789e+01 7.670737070538461211e+00
2.884704688550183200e+05 -7.658544528255093610e+03 1.000000000327389813e+02 7.670629276228651428e+00
2.886375250278113526e+05 -7.706670490570629227e+03 9.999999999832510866e+01 7.670520254590926790e+00
2.888040845583013725e+05 -7.754796452886164843e+03 1.000000000163690288e+02 7.670410410075703567e+00
2.889701474442729959e+05 -7.802922415201701369e+03 1.000000000033478784e+02 7.670299555366093536e+00
2.891357136866739602e+05 -7.851048377517236986e+03 9.999999998956172931e+01 7.670187771233303309e+00
2.893007832859035698e+05 -7.899174339832772603e+03 9.999999996323694518e+01 7.670075062561489965e+00
2.894653562359676580e+05 -7.947300302148309129e+03 1.000000000201115853e+02 7.669960871226061627e+00
2.896294325443175621e+05 -7.995426264463844745e+03 1.000000000346671385e+02 7.669845869198611332e+00
2.897930122096587438e+05 -8.043552226779380362e+03 1.000000000011407906e+02 7.669729927736850250e+00
2.899560952298499760e+05 -8.091678189094916888e+03 1.000000001257148767e+02 7.669612792986991501e+00
2.901186816055841045e+05 -8.139804151410452505e+03 9.999999996179832351e+01 7.669494643270422074e+00
2.902807713344027870e+05 -8.187930113725988122e+03 1.000000000362821027e+02 7.669375068396605322e+00
2.904423644226000761e+05 -8.236056076041524648e+03 9.999999999155930652e+01 7.669254745844998666e+00
2.906034608646318084e+05 -8.284182038357061174e+03 1.000000000080952134e+02 7.669133103650808359e+00
2.907640606620101025e+05 -8.332308000672595881e+03 9.999999999032972653e+01 7.669010267655924196e+00
2.909241638161709416e+05 -8.380433962988132407e+03 9.999999992212104871e+01 7.668886398089441059e+00
2.910837703249462065e+05 -8.428559925303668933e+03 1.000000000015475763e+02 7.668761176457613793e+00
2.912428801895899815e+05 -8.476685887619203640e+03 9.999999999776956372e+01 7.668634793039012187e+00
2.914014934102220577e+05 -8.524811849934740167e+03 9.999999997332338353e+01 7.668507223900288494e+00
2.915596099873135099e+05 -8.572937812250276693e+03 1.000000000018473685e+02 7.668378484225556235e+00
2.917172299198971596e+05 -8.621063774565811400e+03 9.999999996759422061e+01 7.668248472586859599e+00
2.918743532079961151e+05 -8.669189736881347926e+03 9.999999997342573010e+01 7.668117159720349463e+00
2.920309798504586215e+05 -8.717315699196884452e+03 9.999999996455424878e+01 7.667984413290426460e+00
2.921871098505484406e+05 -8.765441661512419159e+03 9.999999999432677100e+01 7.667850555116493716e+00
2.923427432037605904e+05 -8.813567623827955686e+03 1.000000000070627664e+02 7.667715096589520662e+00
2.924978799149958650e+05 -8.861693586143492212e+03 9.999999998657074229e+01 7.667578526739689870e+00
2.926525199814231601e+05 -8.909819548459026919e+03 9.999999997493826243e+01 7.667440532647320062e+00
2.928066634023289662e+05 -8.957945510774563445e+03 1.000000000335637509e+02 7.667300999846426102e+00
2.929603101794883842e+05 -9.006071473090099971e+03 1.000000000251538523e+02 7.667160129251691991e+00
2.931134603130111936e+05 -9.054197435405634678e+03 9.999999999837928044e+01 7.667017903731969675e+00
2.932661138021515799e+05 -9.102323397721171204e+03 1.000000000216938787e+02 7.666874193402909654e+00
2.934182706463494105e+05 -9.150449360036707731e+03 9.999999996080545372e+01 7.666728954929546980e+00
2.935699308465116192e+05 -9.198575322352242438e+03 1.000000000433114877e+02 7.666582201450300005e+00
2.937210944010911044e+05 -9.246701284667778964e+03 1.000000000236044713e+02 7.666433804839948074e+00
2.938717613134463318e+05 -9.294827246983315490e+03 9.999999999114376692e+01 7.666284086393909014e+00
2.940219315814108122e+05 -9.342953209298850197e+03 9.999999999371934223e+01 7.666132787279300587e+00
2.941716052036949550e+05 -9.391079171614386723e+03 1.000000000087582634e+02 7.665979720427928079e+00
2.943207821807705914e+05 -9.439205133929923250e+03 1.000000000089330996e+02 7.665824934424840364e+00
2.944694625150407082e+05 -9.487331096245457957e+03 1.000000000270401728e+02 7.665668666302929424e+00
2.946176462041269406e+05 -9.535457058560994483e+03 1.000000000190816962e+02 7.665510614754102114e+00
2.947653332504216232e+05 -9.583583020876531009e+03 1.000000000358863446e+02 7.665351035598511054e+00
2.949125236500145402e+05 -9.631708983192065716e+03 1.000000000007890577e+02 7.665189452765397427e+00
2.950592174083176069e+05 -9.679834945507602242e+03 1.000000000122790880e+02 7.665026456331977656e+00
2.952054145187878748e+05 -9.727960907823138768e+03 1.000000000116145742e+02 7.664861252513836654e+00
2.953511149877707940e+05 -9.776086870138673476e+03 1.000000000036851873e+02 7.664694576311259056e+00
2.954963188110008487e+05 -9.824212832454210002e+03 1.000000000127499220e+02 7.664525871054691741e+00
2.956410259902695543e+05 -9.872338794769746528e+03 9.999999996454297957e+01 7.664355336899122406e+00
2.957852365253199241e+05 -9.920464757085281235e+03 9.999999999588311539e+01 7.664182894802580748e+00
2.959289504153343150e+05 -9.968590719400817761e+03 9.999999999207697954e+01 7.664008408514400905e+00
2.960721676620571525e+05 -1.001671668171635429e+04 9.999999997232147564e+01 7.663832105052550858e+00
2.962148882641909295e+05 -1.006484264403188899e+04 9.999999999961683272e+01 7.663653737228812268e+00
2.963571122207775479e+05 -1.011296860634742552e+04 9.999999992530632653e+01 7.663473186922263203e+00
2.964988395347465994e+05 -1.016109456866296205e+04 9.999999998971750870e+01 7.663290749734151142e+00
2.966400702034484129e+05 -1.020922053097849675e+04 9.999999999887401714e+01 7.663106086011779894e+00
2.967808042275123880e+05 -1.025734649329403328e+04 9.999999999333316225e+01 7.662919238576565206e+00
2.969210416076414404e+05 -1.030547245560956981e+04 1.000000000391307680e+02 7.662730226581303761e+00
2.970607823432675796e+05 -1.035359841792510451e+04 9.999999998211374930e+01 7.662538997164299204e+00
2.972000264352993108e+05 -1.040172438024064104e+04 1.000000000581827777e+02 7.662345568964919806e+00
2.973387738828363945e+05 -1.044985034255617757e+04 1.000000000023638904e+02 7.662149849799742007e+00
2.974770246853359276e+05 -1.049797630487171227e+04 1.000000000149828736e+02 7.661951663872898166e+00
2.976147788433806854e+05 -1.054610226718724880e+04 1.000000000065918897e+02 7.661751066330355187e+00
2.977520363578506513e+05 -1.059422822950278533e+04 9.999999999286728780e+01 7.661548164366576152e+00
2.978887972269731108e+05 -1.064235419181832003e+04 1.000000000439252261e+02 7.661342609007827598e+00
2.980250614532932523e+05 -1.069048015413385656e+04 9.999999996801551561e+01 7.661134798794808631e+00
2.981608290329952724e+05 -1.073860611644939308e+04 9.999999996036027028e+01 7.660924035255699316e+00
2.982960999711254262e+05 -1.078673207876492779e+04 1.000000000030235157e+02 7.660711094712712388e+00
2.984308742635348462e+05 -1.083485804108046432e+04 1.000000000381840835e+02 7.660495270933886935e+00
2.985651519119470031e+05 -1.088298400339600084e+04 1.000000000086609759e+02 7.660276796107410746e+00
2.986989329155731830e+05 -1.093110996571153737e+04 1.000000000224798953e+02 7.660055490379108711e+00
2.988322172751592589e+05 -1.097923592802707208e+04 1.000000000151841704e+02 7.659831407452423413e+00
2.989650049901203020e+05 -1.102736189034260860e+04 1.000000000029960745e+02 7.659604422068777119e+00
2.990972960604629479e+05 -1.107548785265814513e+04 9.999999999587005561e+01 7.659374447779415007e+00
2.992290904871340608e+05 -1.112361381497367984e+04 1.000000000464714418e+02 7.659141602897439505e+00
2.993603882686854340e+05 -1.117173977728921636e+04 9.999999999360588276e+01 7.658905609216485999e+00
2.994911894066394307e+05 -1.121986573960475289e+04 9.999999999504562709e+01 7.658666637324019533e+00
2.996214938997914433e+05 -1.126799170192028760e+04 9.999999999950129848e+01 7.658424424616939064e+00
2.997513017491368228e+05 -1.131611766423582412e+04 9.999999998731153994e+01 7.658179094935483988e+00
2.998806129539792892e+05 -1.136424362655136065e+04 1.000000000031537724e+02 7.657930446763917764e+00
3.000094275144583080e+05 -1.141236958886689536e+04 1.000000000438633379e+02 7.657678435772881542e+00
3.001377454302706756e+05 -1.146049555118243188e+04 9.999999999810285090e+01 7.657422981327730582e+00
3.002655667016432271e+05 -1.150862151349796841e+04 9.999999998160089376e+01 7.657164016293283915e+00
3.003928913292731741e+05 -1.155674747581350312e+04 1.000000000299451131e+02 7.656901579233773347e+00
3.005197193119479925e+05 -1.160487343812903964e+04 9.999999999424403541e+01 7.656635435410804824e+00
3.006460506510838750e+05 -1.165299940044457617e+04 1.000000000030327811e+02 7.656365721806994706e+00
3.007718853451012401e+05 -1.170112536276011087e+04 1.000000000050056173e+02 7.656092092194148435e+00
3.008972233949518413e+05 -1.174925132507564740e+04 9.999999999537439521e+01 7.655814634062906521e+00
3.010220648008033168e+05 -1.179737728739118393e+04 1.000000000052206133e+02 7.655533328222916545e+00
3.011464095619576983e+05 -1.184550324970671863e+04 9.999999999431307174e+01 7.655247905266602260e+00
3.012702576790389721e+05 -1.189362921202225516e+04 1.000000000194213072e+02 7.654958441049673823e+00
3.013936091517315945e+05 -1.194175517433779169e+04 1.000000000060544210e+02 7.654664789654227697e+00
3.015164639793995302e+05 -1.198988113665332639e+04 9.999999997372030691e+01 7.654366704118592324e+00
3.016388221639047260e+05 -1.203800709896886292e+04 9.999999999658588479e+01 7.654064489158604268e+00
3.017606837029997841e+05 -1.208613306128439945e+04 9.999999998635905740e+01 7.653757581313947789e+00
3.018820485986436252e+05 -1.213425902359993415e+04 1.000000000101622391e+02 7.653446294531611294e+00
3.020029168493754114e+05 -1.218238498591547068e+04 9.999999999980678922e+01 7.653130217951021663e+00
3.021232884561037645e+05 -1.223051094823100721e+04 9.999999999750642132e+01 7.652809445297688917e+00
3.022431634183323476e+05 -1.227863691054654191e+04 1.000000000104525242e+02 7.652483746795704533e+00
3.023625417362950975e+05 -1.232676287286207844e+04 9.999999999625069336e+01 7.652153105863687799e+00
3.024814234099368914e+05 -1.237488883517761496e+04 9.999999999648682092e+01 7.651817344921683528e+00
3.025998084392020246e+05 -1.242301479749314785e+04 1.000000000077133393e+02 7.651476369439838443e+00
3.027176968240213464e+05 -1.247114075980868438e+04 9.999999999474255219e+01 7.651130020005349586e+00
3.028350885645255912e+05 -1.251926672212422091e+04 9.999999999640414217e+01 7.650778226735331700e+00
3.029519836607698235e+05 -1.256739268443975561e+04 9.999999998832416281e+01 7.650420850774726667e+00
3.030683821124944952e+05 -1.261551864675529214e+04 9.999999997502473548e+01 7.650057722166088148e+00
3.031842839200027520e+05 -1.266364460907082866e+04 9.999999999309763155e+01 7.649688749865918957e+00
3.032996890834487276e+05 -1.271177057138636337e+04 1.000000000027326195e+02 7.649313855379983096e+00
3.034145976022458635e+05 -1.275989653370189990e+04 9.999999995398746933e+01 7.648932769729183789e+00
3.035290094763361849e+05 -1.280802249601743642e+04 9.999999996692417881e+01 7.648545264973656721e+00
3.036429247067833785e+05 -1.285614845833297113e+04 9.999999995771614181e+01 7.648151512723749157e+00
3.037563432925528032e+05 -1.290427442064850766e+04 1.000000000168306116e+02 7.647751046433281630e+00
3.038692652340173372e+05 -1.295240038296404418e+04 9.999999996042059536e+01 7.647343853524320778e+00
3.039816905312556773e+05 -1.300052634527957889e+04 9.999999999791768346e+01 7.646929732434327498e+00
3.040936191840399988e+05 -1.304865230759511542e+04 1.000000000061377676e+02 7.646508483427274072e+00
3.042050511924710008e+05 -1.309677826991065194e+04 9.999999996156995508e+01 7.646079947337305782e+00
3.043159865564361680e+05 -1.314490423222618665e+04 1.000000000023905500e+02 7.645643871600543484e+00
3.044264252762682154e+05 -1.319303019454172318e+04 1.000000000114163470e+02 7.645200189022114401e+00
3.045363673517588177e+05 -1.324115615685725970e+04 1.000000000026623468e+02 7.644748657309996531e+00
3.046458127829490695e+05 -1.328928211917279441e+04 9.999999998175833582e+01 7.644289046937947418e+00
3.047547615695642889e+05 -1.333740808148833094e+04 9.999999999252123928e+01 7.643821072280434947e+00
3.048632137120728730e+05 -1.338553404380386746e+04 1.000000000077027664e+02 7.643344662765410469e+00
3.049711692098958883e+05 -1.343366000611940217e+04 1.000000000361832946e+02 7.642859394788792393e+00
3.050786280637769960e+05 -1.348178596843493870e+04 1.000000000030893119e+02 7.642365296152439313e+00
3.051855902733217808e+05 -1.352991193075047522e+04 1.000000000004915677e+02 7.641861963759697396e+00
3.052920558381084702e+05 -1.357803789306600993e+04 1.000000000289653030e+02 7.641348998567315753e+00
3.053980247590124491e+05 -1.362616385538154645e+04 9.999999999032553433e+01 7.640826463996122087e+00
3.055034970351215452e+05 -1.367428981769708298e+04 1.000000000034188616e+02 7.640293753538613508e+00
3.056084726674979320e+05 -1.372241578001261769e+04 9.999999999470480816e+01 7.639750964237039810e+00
3.057129516553140129e+05 -1.377054174232815421e+04 9.999999998455089667e+01 7.639197500263422924e+00
3.058169339984692051e+05 -1.381866770464369074e+04 1.000000000109931193e+02 7.638633016523414199e+00
3.059204196976001840e+05 -1.386679366695922727e+04 1.000000000351665079e+02 7.638057433090997606e+00
3.060234087522809859e+05 -1.391491962927476197e+04 1.000000000062102430e+02 7.637470278259709033e+00
3.061259011626548599e+05 -1.396304559159029850e+04 9.999999997887387337e+01 7.636871250844743386e+00
3.062278969287030632e+05 -1.401117155390583503e+04 1.000000000001536762e+02 7.636259974930871941e+00
3.063293960502952687e+05 -1.405929751622136973e+04 9.999999999746711410e+01 7.635636044408957268e+00
3.064303985276917811e+05 -1.410742347853690626e+04 1.000000000174757560e+02 7.634999166966095707e+00
3.065309043605090119e+05 -1.415554944085244279e+04 9.999999996289091087e+01 7.634348843981708654e+00
3.066309135493436479e+05 -1.420367540316797749e+04 9.999999998728857520e+01 7.633684825492120574e+00
3.067304260936367209e+05 -1.425180136548351402e+04 1.000000000272750071e+02 7.633006471278095617e+00
3.068294419936451595e+05 -1.429992732779905054e+04 9.999999998032663484e+01 7.632313483066095472e+00
3.069279612491970765e+05 -1.434805329011458525e+04 1.000000000112826228e+02 7.631605249136023339e+00
3.070259838605963159e+05 -1.439617925243012178e+04 1.000000000053585296e+02 7.630881480844873721e+00
3.071235098273772746e+05 -1.444430521474565830e+04 9.999999997395138962e+01 7.630141425367999553e+00
3.072205391500636470e+05 -1.449243117706119301e+04 9.999999999153823182e+01 7.629384763745882481e+00
3.073170718282503658e+05 -1.454055713937672954e+04 1.000000000041818140e+02 7.628610790797719865e+00
3.074131078622344066e+05 -1.458868310169226606e+04 1.000000000021491360e+02 7.627819062226888214e+00
3.075086472517898655e+05 -1.463680906400780077e+04 1.000000000191280662e+02 7.627008862712919779e+00
3.076036899971372331e+05 -1.468493502632333730e+04 1.000000000050955293e+02 7.626179678140561968e+00
3.076982360979451914e+05 -1.473306098863887382e+04 9.999999999945933382e+01 7.625330671733130394e+00
3.077922855545288767e+05 -1.478118695095440853e+04 9.999999999773223180e+01 7.624461298596568071e+00
3.078858383667754824e+05 -1.482931291326994506e+04 1.000000000006968861e+02 7.623570802136510061e+00
3.079788945345865795e+05 -1.487743887558548158e+04 9.999999999842400200e+01 7.622658350177101916e+00
3.080714540581982001e+05 -1.492556483790101629e+04 1.000000000140886556e+02 7.621723301654339089e+00
3.081635169373633689e+05 -1.497369080021655282e+04 1.000000000061043295e+02 7.620764679610471326e+00
3.082550831722560106e+05 -1.502181676253208934e+04 1.000000000018131203e+02 7.619781725786734405e+00
3.083461527628023759e+05 -1.506994272484762405e+04 9.999999999340958823e+01 7.618773453125006867e+00
3.084367257089375635e+05 -1.511806868716316058e+04 9.999999999642305681e+01 7.617738908475153004e+00
3.085268020107320044e+05 -1.516619464947869710e+04 9.999999998096650700e+01 7.616677110144791207e+00
3.086163816682834295e+05 -1.521432061179423181e+04 1.000000000102653104e+02 7.615587041826286985e+00
3.087054646815140732e+05 -1.526244657410976833e+04 1.000000000074814466e+02 7.614467573088127494e+00
3.087940510503168916e+05 -1.531057253642530486e+04 9.999999999799398154e+01 7.613317472991218970e+00
3.088821407748575439e+05 -1.535869849874083957e+04 9.999999999364865744e+01 7.612135597027112510e+00
3.089697338549798005e+05 -1.540682446105637609e+04 1.000000000103904512e+02 7.610920573550959745e+00
3.090568302908008336e+05 -1.545495042337191262e+04 1.000000000069520354e+02 7.609671106922336392e+00
3.091434300822794903e+05 -1.550307638568744733e+04 1.000000000021386910e+02 7.608385730321584717e+00
3.092295332293775282e+05 -1.555120234800298385e+04 1.000000000006466649e+02 7.607062910472174977e+00
3.093151397321876721e+05 -1.559932831031852038e+04 9.999999999745961077e+01 7.605701115492806252e+00
3.094002495906229015e+05 -1.564745427263405509e+04 1.000000000040730015e+02 7.604298598969728040e+00
3.094848628047744860e+05 -1.569558023494959161e+04 1.000000000074937248e+02 7.602853603970124219e+00
3.095689793744841591e+05 -1.574370619726512814e+04 1.000000000049248285e+02 7.601364182304742201e+00
3.096525992999667651e+05 -1.579183215958066285e+04 9.999999999170648834e+01 7.599828484320771516e+00
3.097357225810233504e+05 -1.583995812189619937e+04 1.000000000090108045e+02 7.598244206105171372e+00
3.098183492177995504e+05 -1.588808408421173590e+04 9.999999999661166328e+01 7.596609261391561674e+00
3.099004792101669009e+05 -1.593621004652727061e+04 9.999999997573655719e+01 7.594921139356293871e+00
3.099821125582339591e+05 -1.598433600884280713e+04 1.000000000011863790e+02 7.593177396542508895e+00
3.100632492620004923e+05 -1.603246197115834366e+04 9.999999997929256779e+01 7.591375397068888198e+00
3.101438893213411211e+05 -1.608058793347387837e+04 1.000000000083855980e+02 7.589512099971777559e+00
3.102240327364075347e+05 -1.612871389578941489e+04 9.999999999701984166e+01 7.587584656414964712e+00
3.103036795071349479e+05 -1.617683985810495142e+04 1.000000000027676919e+02 7.585589748715146463e+00
3.103828296335221967e+05 -1.622496582042048612e+04 1.000000000980046053e+02 7.583523899745036267e+00
3.104614831155150896e+05 -1.627309178273602265e+04 1.000000000015037784e+02 7.581383452202199003e+00
3.105396399532163050e+05 -1.632121774505155918e+04 1.000000000118023991e+02 7.579164469865212972e+00
3.106173001465652487e+05 -1.636934370736709388e+04 9.999999999491491565e+01 7.576862742389289807e+00
3.106944636955668102e+05 -1.641746966968262859e+04 9.999999998637369458e+01 7.574473718973888658e+00
3.107711306002367637e+05 -1.646559563199816694e+04 9.999999999876898471e+01 7.571992605109850061e+00
3.108473008605701616e+05 -1.651372159431370164e+04 1.000000000002573728e+02 7.569414195722178107e+00
3.109229744765642099e+05 -1.656184755662923635e+04 9.999999998876967311e+01 7.566732956300445956e+00
3.109981514481810736e+05 -1.660997351894477470e+04 1.000000000008774350e+02 7.563942791138913435e+00
3.110728317755106254e+05 -1.665809948126030940e+04 9.999999999523922156e+01 7.561037388744266785e+00
3.111470154584896518e+05 -1.670622544357584775e+04 1.000000000230315464e+02 7.558009724075986924e+00
3.112207024971032515e+05 -1.675435140589138246e+04 1.000000000005850751e+02 7.554852276817269008e+00
3.112938928913851851e+05 -1.680247736820691716e+04 9.999999999205442691e+01 7.551556950108199828e+00
3.113665866413336480e+05 -1.685060333052245551e+04 9.999999999846988885e+01 7.548114987909645635e+00
3.114387837469414808e+05 -1.689872929283799022e+04 9.999999999772295212e+01 7.544516867610505884e+00
3.115104842081983807e+05 -1.694685525515352492e+04 1.000000000093540962e+02 7.540752213329636966e+00
3.115816880251274561e+05 -1.699498121746906327e+04 9.999999999962605557e+01 7.536809882068064681e+00
3.116523951977182878e+05 -1.704310717978459797e+04 1.000000000058607839e+02 7.532677611388337802e+00
3.117226057259535883e+05 -1.709123314210013268e+04 1.000000000019713156e+02 7.528342037717435709e+00
3.117923196098635090e+05 -1.713935910441567103e+04 9.999999999679393170e+01 7.523788677485729437e+00
3.118615368494231370e+05 -1.718748506673120573e+04 9.999999999578454890e+01 7.519001551443798448e+00
3.119302574446363724e+05 -1.723561102904674044e+04 9.999999999391870631e+01 7.513963177565872620e+00
3.119984813955182908e+05 -1.728373699136227879e+04 1.000000000010381740e+02 7.508654442178089639e+00
3.120662087020574836e+05 -1.733186295367781349e+04 1.000000000095375725e+02 7.503054187047936807e+00
3.121334393642463838e+05 -1.737998891599334820e+04 1.000000000172122725e+02 7.497139134015466944e+00
3.122001733820983209e+05 -1.742811487830888655e+04 9.999999999583988597e+01 7.490883578267220955e+00
3.122664107556169620e+05 -1.747624084062442125e+04 9.999999999976554932e+01 7.484259060399536700e+00
3.123321514847783837e+05 -1.752436680293995596e+04 9.999999997051941136e+01 7.477233870056052112e+00
3.123973955696120393e+05 -1.757249276525549431e+04 1.000000000027834375e+02 7.469772860788327584e+00
3.124621430101082660e+05 -1.762061872757102901e+04 9.999999998832194592e+01 7.461836795117632093e+00
3.125263938062441302e+05 -1.766874468988656372e+04 1.000000000044552735e+02 7.453381594666145915e+00
3.125901479580479208e+05 -1.771687065220210206e+04 1.000000000010122818e+02 7.444358099662228945e+00
3.126534054655087530e+05 -1.776499661451763677e+04 1.000000000031208458e+02 7.434710777831969430e+00
3.127161663286184776e+05 -1.781312257683317148e+04 1.000000000044107225e+02 7.424377000471761079e+00
3.127784305473883287e+05 -1.786124853914870982e+04 1.000000000062333498e+02 7.413285920879546964e+00
3.128401981218107976e+05 -1.790937450146424453e+04 1.000000000041466421e+02 7.401356948635812394e+00
3.129014690518922289e+05 -1.795750046377977924e+04 9.999999999487121727e+01 7.388498237807827884e+00
3.129622433376309345e+05 -1.800562642609531758e+04 1.000000000213359499e+02 7.374604627126466028e+00
3.130225209790157969e+05 -1.805375238841085229e+04 9.999999999917758942e+01 7.359555195118424820e+00
3.130823019760525203e+05 -1.810187835072638700e+04 9.999999999238656301e+01 7.343210395958124082e+00
3.131415863287457614e+05 -1.815000431304192534e+04 9.999999999847312893e+01 7.325408444089076987e+00
3.132003740370840533e+05 -1.819813027535746005e+04 1.000000000000231779e+02 7.305960691948143015e+00
3.132586651010753703e+05 -1.824625623767299476e+04 9.999999998985583716e+01 7.284646292046809357e+00
