7.047342418319231001e+03 0.000000000000000000e+00 1.000023929343471707e+02 7.391494807310650117e+00
7.049326574528532547e+03 1.000000000000000056e-01 1.000000000003336424e+02 7.391485366524751299e+00
7.008233178006206799e+03 -1.671142857142857041e+00 1.000000000003084182e+02 7.391488108485125608e+00
6.967269417221113144e+03 -3.442285714285714171e+00 9.999999999989981347e+01 7.391490853026804864e+00
6.926435299140555799e+03 -5.213428571428571523e+00 9.999999999900396119e+01 7.391493645293738091e+00
6.885730815934742168e+03 -6.984571428571428875e+00 1.000000000003024923e+02 7.391496434010081273e+00
6.845155971742713518e+03 -8.755714285714285339e+00 1.000000000012856134e+02 7.391499246346236340e+00
6.804710765043175343e+03 -1.052685714285714269e+01 1.000000000001448939e+02 7.391502075466164889e+00
6.764395196435280013e+03 -1.229800000000000004e+01 1.000000000021140778e+02 7.391504920585953542e+00
6.724209265308952126e+03 -1.406914285714285739e+01 1.000000000004700667e+02 7.391507783381475072e+00
6.684152971040860393e+03 -1.584028571428571475e+01 1.000000000015832313e+02 7.391510655883204883e+00
6.644226316271126962e+03 -1.761142857142857210e+01 9.999999999886398427e+01 7.391513559315990634e+00
6.604429298457108416e+03 -1.938257142857142767e+01 1.000000000013348540e+02 7.391516468085146840e+00
6.564761918882164537e+03 -2.115371428571428325e+01 9.999999999869400824e+01 7.391519405803369303e+00
6.525224178708442196e+03 -2.292485714285713883e+01 9.999999999856525790e+01 7.391522367574271613e+00
6.485816075474208446e+03 -2.469599999999999440e+01 1.000000000008906511e+02 7.391525338929591626e+00
6.446537610803884490e+03 -2.646714285714284998e+01 9.999999999975813125e+01 7.391528336941590283e+00
6.407388780685362690e+03 -2.823828571428570555e+01 9.999999999450604093e+01 7.391531335012512471e+00
6.368369593047780654e+03 -3.000942857142856113e+01 9.999999999781395843e+01 7.391534376215519231e+00
6.329480039843629129e+03 -3.178057142857141670e+01 1.000000000020545627e+02 7.391537411105066013e+00
6.290720128528201712e+03 -3.355171428571427583e+01 9.999999999958974684e+01 7.391540501081475867e+00
6.252089852369945220e+03 -3.532285714285713141e+01 1.000000000013471038e+02 7.391543586619209627e+00
6.213589214146031736e+03 -3.709399999999998698e+01 9.999999999880783719e+01 7.391546695354763941e+00
6.175218211550239175e+03 -3.886514285714284256e+01 1.000000000027417570e+02 7.391549802211813791e+00
6.136976850210469820e+03 -4.063628571428569813e+01 1.000000000003592220e+02 7.391552961130987143e+00
6.098865127766411206e+03 -4.240742857142855371e+01 1.000000000001643343e+02 7.391556144458215627e+00
6.060883039725552408e+03 -4.417857142857140929e+01 9.999999999972399678e+01 7.391559320863233751e+00
6.023030592581301789e+03 -4.594971428571426486e+01 1.000000000001439986e+02 7.391562543979921074e+00
5.985307781605294622e+03 -4.772085714285712044e+01 1.000000000005574208e+02 7.391565771809519347e+00
5.947714609679902424e+03 -4.949199999999997601e+01 1.000000000005588703e+02 7.391569032995534805e+00
5.910251074068032722e+03 -5.126314285714283159e+01 1.000000000001974456e+02 7.391572302115883453e+00
5.872917178619736660e+03 -5.303428571428568716e+01 9.999999999921172389e+01 7.391575609991396512e+00
5.835712918438212000e+03 -5.480542857142854274e+01 9.999999999900556702e+01 7.391578919314370388e+00
5.798638298299217240e+03 -5.657657142857139831e+01 9.999999999998046007e+01 7.391582267976028575e+00
5.761693316459660309e+03 -5.834771428571425389e+01 9.999999999915826265e+01 7.391585643894069690e+00
5.724877969335392663e+03 -6.011885714285710947e+01 9.999999999911433690e+01 7.391589013360547966e+00
5.688192262829986248e+03 -6.188999999999996504e+01 1.000000000018109034e+02 7.391592427992547343e+00
5.651636192886361641e+03 -6.366114285714282062e+01 9.999999999970685849e+01 7.391595857410590220e+00
5.615209762005309130e+03 -6.543228571428568330e+01 9.999999999957063324e+01 7.391599319070328633e+00
5.578912970135625073e+03 -6.720342857142854598e+01 1.000000000082619067e+02 7.391602803947355582e+00
5.542745813137245023e+03 -6.897457142857140866e+01 1.000000000002256115e+02 7.391606304133532035e+00
5.506708295915577764e+03 -7.074571428571427134e+01 9.999999999937135442e+01 7.391609838242609420e+00
5.470800416305129147e+03 -7.251685714285713402e+01 9.999999999998301803e+01 7.391613391473567773e+00
5.435022173610740538e+03 -7.428799999999999670e+01 1.000000000009977725e+02 7.391616959627403283e+00
5.399373570756812114e+03 -7.605914285714285938e+01 9.999999999846875198e+01 7.391620573897081492e+00
5.363854603918917746e+03 -7.783028571428572207e+01 9.999999999877289270e+01 7.391624194459071262e+00
5.328465275283585470e+03 -7.960142857142858475e+01 9.999999999894427560e+01 7.391627842458661668e+00
5.293205585419509589e+03 -8.137257142857144743e+01 9.999999999945605111e+01 7.391631523642224089e+00
5.258075535424588452e+03 -8.314371428571431011e+01 1.000000000042483066e+02 7.391635243448254400e+00
5.223075118448908142e+03 -8.491485714285717279e+01 9.999999999995728217e+01 7.391638955579494130e+00
5.188204341387777276e+03 -8.668600000000003547e+01 9.999999999475086554e+01 7.391642712221836220e+00
5.153463203854526000e+03 -8.845714285714289815e+01 9.999999999974866682e+01 7.391646501026404970e+00
5.118851702759161526e+03 -9.022828571428576083e+01 9.999999999907554127e+01 7.391650308708202388e+00
5.084369840548136381e+03 -9.199942857142862351e+01 9.999999999872841272e+01 7.391654152838308178e+00
5.050017615711994040e+03 -9.377057142857148619e+01 1.000000000003167600e+02 7.391658017204511211e+00
5.015795029145384433e+03 -9.554171428571434888e+01 9.999999999677586970e+01 7.391661917399758863e+00
4.981702079895824681e+03 -9.731285714285721156e+01 9.999999999990980371e+01 7.391665835112696037e+00
4.947738768859546326e+03 -9.908400000000007424e+01 9.999999999946633977e+01 7.391669786764174965e+00
4.913905095612652985e+03 -1.008551428571429369e+02 9.999999999601125467e+01 7.391673769251591253e+00
4.880201062135092798e+03 -1.026262857142857996e+02 1.000000000024760141e+02 7.391677790076699672e+00
4.846626662461537308e+03 -1.043974285714286623e+02 9.999999999816274965e+01 7.391681810367705552e+00
4.813181903696162408e+03 -1.061685714285715250e+02 9.999999999928438399e+01 7.391685884319407762e+00
4.779866782497045278e+03 -1.079397142857143876e+02 9.999999999926525618e+01 7.391689986721694083e+00
4.746681299271021089e+03 -1.097108571428572503e+02 1.000000000009579253e+02 7.391694118274793723e+00
4.713625454153985629e+03 -1.114820000000001130e+02 9.999999999986883381e+01 7.391698285296298465e+00
4.680699244957516385e+03 -1.132531428571429757e+02 9.999999999840458997e+01 7.391702464552751373e+00
4.647902677011577907e+03 -1.150242857142858384e+02 9.999999999908654047e+01 7.391706706944293437e+00
4.615235743603143419e+03 -1.167954285714287010e+02 9.999999999914915350e+01 7.391710947542210697e+00
4.582698451248016681e+03 -1.185665714285715637e+02 1.000000000002685283e+02 7.391715250763694733e+00
4.550290794073011057e+03 -1.203377142857144264e+02 9.999999999959986496e+01 7.391719561344594069e+00
4.518012777025093783e+03 -1.221088571428572891e+02 9.999999999857763555e+01 7.391723927193029731e+00
4.485864396046045840e+03 -1.238800000000001518e+02 1.000000000002127933e+02 7.391728306273810389e+00
4.453845652959846120e+03 -1.256511428571430145e+02 9.999999999963220887e+01 7.391732720800987089e+00
4.421956550009738748e+03 -1.274222857142858771e+02 1.000000000005457252e+02 7.391737190306931993e+00
4.390197083189877048e+03 -1.291934285714287398e+02 9.999999999947807794e+01 7.391741677962706092e+00
4.358567254035069709e+03 -1.309645714285715883e+02 1.000000000005367440e+02 7.391746196614529474e+00
4.327067065458229081e+03 -1.327357142857144368e+02 1.000000000063547958e+02 7.391750774941810320e+00
4.295696511415896566e+03 -1.345068571428572852e+02 9.999999999959460695e+01 7.391755364347583956e+00
4.264455596675893503e+03 -1.362780000000001337e+02 1.000000000004499157e+02 7.391759997560868989e+00
4.233344319304373130e+03 -1.380491428571429822e+02 1.000000000011076366e+02 7.391764661913665435e+00
4.202362680470723717e+03 -1.398202857142858306e+02 9.999999999994021493e+01 7.391769371756415019e+00
4.171510679591947337e+03 -1.415914285714286791e+02 9.999999999976473930e+01 7.391774118554646833e+00
4.140788315808547850e+03 -1.433625714285715276e+02 1.000000000005521485e+02 7.391778894400236055e+00
4.110195591677276752e+03 -1.451337142857143760e+02 9.999999999978754772e+01 7.391783729762442690e+00
4.079732503240804817e+03 -1.469048571428572245e+02 9.999999999970141573e+01 7.391788577373489488e+00
4.049399054112596332e+03 -1.486760000000000730e+02 9.999999999979525001e+01 7.391793480642581571e+00
4.019195242969325136e+03 -1.504471428571429215e+02 1.000000000002588507e+02 7.391798424396136546e+00
3.989121069186737259e+03 -1.522182857142857699e+02 1.000000000004549463e+02 7.391803402625931163e+00
3.959176532375020997e+03 -1.539894285714286184e+02 1.000000000001613216e+02 7.391808411171456150e+00
3.929361635183431645e+03 -1.557605714285714669e+02 9.999999999919167237e+01 7.391813481615665538e+00
3.899676375312621076e+03 -1.575317142857143153e+02 9.999999999981798737e+01 7.391818586586894391e+00
3.870120754034224774e+03 -1.593028571428571638e+02 1.000000000008680843e+02 7.391823740514343655e+00
3.840694769470549090e+03 -1.610740000000000123e+02 1.000000000001455476e+02 7.391828925495984137e+00
3.811398423690829077e+03 -1.628451428571428607e+02 9.999999999964998665e+01 7.391834164361655191e+00
3.782231715321232514e+03 -1.646162857142857092e+02 9.999999999928751038e+01 7.391839440536407402e+00
3.753194645051535190e+03 -1.663874285714285577e+02 9.999999999866405176e+01 7.391844764659186495e+00
3.724287212501448266e+03 -1.681585714285714062e+02 9.999999999980343546e+01 7.391850129252318879e+00
3.695509417641247182e+03 -1.699297142857142546e+02 9.999999999803708306e+01 7.391855539860095803e+00
3.666861262376284230e+03 -1.717008571428571031e+02 9.999999999971092279e+01 7.391861015514579414e+00
3.638342743319404235e+03 -1.734719999999999516e+02 9.999999999982479437e+01 7.391866517281845184e+00
3.609953862598218166e+03 -1.752431428571428000e+02 9.999999999965599784e+01 7.391872072815369954e+00
3.581694619695684651e+03 -1.770142857142856485e+02 1.000000000000916458e+02 7.391877674082827809e+00
3.553565014245461498e+03 -1.787854285714284970e+02 9.999999999803117134e+01 7.391883321076362812e+00
3.525565048009424572e+03 -1.805565714285713455e+02 9.999999999969416820e+01 7.391889032218773359e+00
3.497694718725761049e+03 -1.823277142857141939e+02 1.000000000000135572e+02 7.391894780668261333e+00
3.469954027741415757e+03 -1.840988571428570424e+02 9.999999999886958335e+01 7.391900586910241877e+00
3.442342973780162083e+03 -1.858699999999998909e+02 9.999999999512219517e+01 7.391906434447587770e+00
3.414861559466743529e+03 -1.876411428571427393e+02 1.000000000001793552e+02 7.391912350937311693e+00
3.387509781453083633e+03 -1.894122857142855878e+02 1.000000000014823769e+02 7.391918301014306358e+00
3.360287642543885795e+03 -1.911834285714284363e+02 1.000000000005451142e+02 7.391924323500360217e+00
3.333195141203587355e+03 -1.929545714285712847e+02 9.999999999926004079e+01 7.391930395905506046e+00
3.306232278553536162e+03 -1.947257142857141332e+02 1.000000000064254664e+02 7.391936527223538000e+00
3.279399051791357124e+03 -1.964968571428569817e+02 1.000000000000837730e+02 7.391942697296626008e+00
3.252695464226129388e+03 -1.982679999999998302e+02 9.999999999813627483e+01 7.391948938205964659e+00
3.226121513752650117e+03 -2.000391428571426786e+02 1.000000000000672600e+02 7.391955221275485322e+00
3.199677201883096586e+03 -2.018102857142855271e+02 1.000000000002185772e+02 7.391961574313356209e+00
3.173362527029732973e+03 -2.035814285714283756e+02 9.999999999749378787e+01 7.391967975659194501e+00
3.147177492264698230e+03 -2.053525714285712240e+02 1.000000000008805614e+02 7.391974464446223969e+00
3.121122093795968794e+03 -2.071237142857140725e+02 9.999999999974849629e+01 7.391980993079282136e+00
3.095196333565258101e+03 -2.088948571428569210e+02 1.000000000004542926e+02 7.391987586995685255e+00
3.069400210154212800e+03 -2.106659999999997694e+02 9.999999999978049914e+01 7.391994226664094114e+00
3.043733726632693106e+03 -2.124371428571426179e+02 9.999999999913923432e+01 7.392000961315137175e+00
3.018196879503713717e+03 -2.142082857142854664e+02 1.000000000000478053e+02 7.392007734541109265e+00
2.992789671567603364e+03 -2.159794285714283149e+02 1.000000000008465975e+02 7.392014593990439586e+00
2.967512100450506750e+03 -2.177505714285711633e+02 9.999999999923798555e+01 7.392021503522815173e+00
2.942364167849665137e+03 -2.195217142857140118e+02 9.999999999884418855e+01 7.392028488869036629e+00
2.917345872749993305e+03 -2.212928571428568603e+02 1.000000000014650823e+02 7.392035533201655184e+00
2.892457215384178198e+03 -2.230639999999997087e+02 1.000000000001358131e+02 7.392042646737086997e+00
2.867698196709414788e+03 -2.248351428571425572e+02 1.000000000003409895e+02 7.392049842020843364e+00
2.843068815962882582e+03 -2.266062857142854057e+02 1.000000000004715162e+02 7.392057109029519069e+00
2.818569073017516530e+03 -2.283774285714282541e+02 1.000000000001928271e+02 7.392064446837179226e+00
2.794198966466443380e+03 -2.301485714285711026e+02 9.999999999975923970e+01 7.392071831484329891e+00
2.769958499493928230e+03 -2.319197142857139511e+02 1.000000000018946906e+02 7.392079317183092968e+00
2.745847669949730516e+03 -2.336908571428567996e+02 1.000000000002859082e+02 7.392086873163707494e+00
2.721866478339627520e+03 -2.354619999999996480e+02 9.999999999985057286e+01 7.392094505304688923e+00
2.698014924604739463e+03 -2.372331428571424965e+02 1.000000000010867041e+02 7.392102212919922977e+00
2.674293008866732634e+03 -2.390042857142853450e+02 9.999999999897733005e+01 7.392110003937949259e+00
2.650700730246004696e+03 -2.407754285714281934e+02 9.999999999509205395e+01 7.392117861978718452e+00
2.627238091229606653e+03 -2.425465714285710419e+02 1.000000000005745449e+02 7.392125824741173190e+00
2.603905088897909536e+03 -2.443177142857138904e+02 9.999999999850646759e+01 7.392133853874621963e+00
2.580701724779535198e+03 -2.460888571428567388e+02 1.000000000016962787e+02 7.392141967888826493e+00
2.557627998100727837e+03 -2.478599999999995873e+02 9.999999999653276461e+01 7.392150165830802422e+00
2.534683910797310546e+03 -2.496311428571424358e+02 1.000000000006885159e+02 7.392158470383148661e+00
2.511869459750335409e+03 -2.514022857142852843e+02 1.000000000000951701e+02 7.392166835046750428e+00
2.489184647580086221e+03 -2.531734285714281327e+02 9.999999999882605550e+01 7.392175308959823887e+00
2.466629472537207675e+03 -2.549445714285709812e+02 9.999999999620669655e+01 7.392183858709855393e+00
2.444203936011181213e+03 -2.567157142857138297e+02 1.000000000005716885e+02 7.392192507163521498e+00
2.421908037465599591e+03 -2.584868571428567066e+02 9.999999999756292368e+01 7.392201257584736673e+00
2.399741776815630146e+03 -2.602579999999995835e+02 1.000000000011370531e+02 7.392210097046525874e+00
2.377705153683689332e+03 -2.620291428571424603e+02 1.000000000006916991e+02 7.392219029001181774e+00
2.355798168961372994e+03 -2.638002857142853372e+02 9.999999999952494534e+01 7.392228070937403750e+00
2.334020821632725074e+03 -2.655714285714282141e+02 1.000000000008420216e+02 7.392237199334328324e+00
2.312373112657868205e+03 -2.673425714285710910e+02 1.000000000004828564e+02 7.392246441149453950e+00
2.290855041743894617e+03 -2.691137142857139679e+02 1.000000000010207657e+02 7.392255788835853991e+00
2.269466607829588156e+03 -2.708848571428568448e+02 9.999999999885365298e+01 7.392265224276719060e+00
2.248207812754072620e+03 -2.726559999999997217e+02 1.000000000010346213e+02 7.392274783694857909e+00
2.227078655127124875e+03 -2.744271428571425986e+02 1.000000000005781402e+02 7.392284443964124208e+00
2.206079135514386053e+03 -2.761982857142854755e+02 1.000000000000105160e+02 7.392294217676634638e+00
2.185209254046219485e+03 -2.779694285714283524e+02 1.000000000004966836e+02 7.392304108600152190e+00
2.164469010355363935e+03 -2.797405714285712293e+02 9.999999999952102314e+01 7.392314112720241859e+00
2.143858404676045211e+03 -2.815117142857141062e+02 1.000000000011048087e+02 7.392324233675643619e+00
2.123377436274357024e+03 -2.832828571428569830e+02 1.000000000001689671e+02 7.392334460138742180e+00
2.103026107123504062e+03 -2.850539999999998599e+02 1.000000000045976947e+02 7.392344836136398811e+00
2.082804414332270881e+03 -2.868251428571427368e+02 9.999999999926535565e+01 7.392355305109999719e+00
2.062712360085865839e+03 -2.885962857142856137e+02 9.999999999928728300e+01 7.392365910432514120e+00
2.042749944032342455e+03 -2.903674285714284906e+02 9.999999999981676524e+01 7.392376650145808803e+00
2.022917165800854946e+03 -2.921385714285713675e+02 9.999999999975518961e+01 7.392387518044667871e+00
2.003214025115082450e+03 -2.939097142857142444e+02 1.000000000003244054e+02 7.392398507993030776e+00
1.983640522909991432e+03 -2.956808571428571213e+02 1.000000000005595666e+02 7.392409648131051725e+00
1.964196658493994619e+03 -2.974519999999999982e+02 1.000000000037113352e+02 7.392420919475622298e+00
1.944882431416461486e+03 -2.992231428571428751e+02 9.999999999998996714e+01 7.392432321344967860e+00
1.925697842825918769e+03 -3.009942857142857520e+02 1.000000000007363923e+02 7.392443877444354605e+00
1.906642892045633971e+03 -3.027654285714286289e+02 9.999999999942633622e+01 7.392455577531365840e+00
1.887717578690504979e+03 -3.045365714285715057e+02 9.999999999790696847e+01 7.392467411844086733e+00
1.868921903759315228e+03 -3.063077142857143826e+02 1.000000000008996466e+02 7.392479407179537887e+00
1.850255866698856607e+03 -3.080788571428572595e+02 1.000000000002367386e+02 7.392491558325478884e+00
1.831719467502118277e+03 -3.098500000000001364e+02 9.999999999869896783e+01 7.392503865195400259e+00
1.813312706315628702e+03 -3.116211428571430133e+02 9.999999999802848549e+01 7.392516333873193624e+00
1.795035582863902391e+03 -3.133922857142858902e+02 9.999999999864846245e+01 7.392528958623334923e+00
1.776888097142684956e+03 -3.151634285714287671e+02 1.000000000016455743e+02 7.392541741441426950e+00
1.758870249872401018e+03 -3.169345714285716440e+02 1.000000000001212186e+02 7.392554714192776544e+00
1.740982039947809653e+03 -3.187057142857145209e+02 9.999999999819399932e+01 7.392567842108269893e+00
1.723223468379674387e+03 -3.204768571428573978e+02 9.999999999816323282e+01 7.392581158405683972e+00
1.705594534400112479e+03 -3.222480000000002747e+02 9.999999999775631920e+01 7.392594643992613790e+00
1.688095238810901037e+03 -3.240191428571431516e+02 9.999999999995507949e+01 7.392608326198403468e+00
1.670725581062730726e+03 -3.257902857142860285e+02 1.000000000000177494e+02 7.392622195229228588e+00
1.653485560694721016e+03 -3.275614285714289053e+02 9.999999999899847580e+01 7.392636238173232677e+00
1.636375178444105813e+03 -3.293325714285717822e+02 9.999999999998505018e+01 7.392650480815903258e+00
1.619394434378954429e+03 -3.311037142857146591e+02 1.000000000003782930e+02 7.392664932363858910e+00
1.602543328077611477e+03 -3.328748571428575360e+02 9.999999999909644544e+01 7.392679583412248512e+00
1.585821859498623098e+03 -3.346460000000004129e+02 1.000000000000381277e+02 7.392694432956642636e+00
1.569230028977714710e+03 -3.364171428571432898e+02 9.999999999747372215e+01 7.392709502726401816e+00
1.552767836593017364e+03 -3.381882857142861667e+02 9.999999999866861344e+01 7.392724793739974487e+00
1.536435281765446234e+03 -3.399594285714290436e+02 9.999999999918892968e+01 7.392740293153779341e+00
1.520232364908051295e+03 -3.417305714285719205e+02 1.000000000012495747e+02 7.392756019210978913e+00
1.504159086509930830e+03 -3.435017142857147974e+02 1.000000000012418582e+02 7.392771998960562030e+00
1.488215445376466960e+03 -3.452728571428576743e+02 1.000000000004029204e+02 7.392788190645253721e+00
1.472401442308978176e+03 -3.470440000000005512e+02 1.000000000005077112e+02 7.392804628457045446e+00
1.456717077385834273e+03 -3.488151428571434280e+02 9.999999999962533082e+01 7.392821323288528923e+00
1.441162350457736693e+03 -3.505862857142863049e+02 1.000000000004008740e+02 7.392838272470963368e+00
1.425737260848014330e+03 -3.523574285714291818e+02 9.999999999815956642e+01 7.392855457862950175e+00
1.410441809451679774e+03 -3.541285714285720587e+02 9.999999999974407672e+01 7.392872916133842232e+00
1.395275996097270991e+03 -3.558997142857149356e+02 1.000000000002276153e+02 7.392890651000063151e+00
1.380239820770781989e+03 -3.576708571428578125e+02 1.000000000010204246e+02 7.392908667342693363e+00
1.365333283150317129e+03 -3.594420000000006894e+02 9.999999999996430233e+01 7.392926959145867727e+00
1.350556383153276329e+03 -3.612131428571435663e+02 9.999999999964633446e+01 7.392945526813035073e+00
1.335909121497262277e+03 -3.629842857142864432e+02 1.000000000028195331e+02 7.392964407218125089e+00
1.321391497705462371e+03 -3.647554285714293201e+02 1.000000000007424319e+02 7.392983594168623718e+00
1.307003511863470749e+03 -3.665265714285721970e+02 1.000000000003752376e+02 7.393003092376577712e+00
1.292745163855140163e+03 -3.682977142857150739e+02 9.999999999977920595e+01 7.393022905959819369e+00
1.278616453598906901e+03 -3.700688571428579507e+02 9.999999999970172837e+01 7.393043037819855279e+00
1.264617381362203560e+03 -3.718400000000008276e+02 1.000000000002201688e+02 7.393063508929441419e+00
1.250747946964304674e+03 -3.736111428571437045e+02 1.000000000009650734e+02 7.393084319337004828e+00
1.237008150860148817e+03 -3.753822857142865814e+02 9.999999999953239183e+01 7.393105503093532427e+00
1.223397992322557229e+03 -3.771534285714294583e+02 1.000000000001115410e+02 7.393127028089816477e+00
1.209917471622221910e+03 -3.789245714285723352e+02 9.999999999912839144e+01 7.393148920436460436e+00
1.196566589193958634e+03 -3.806957142857152121e+02 1.000000000007259331e+02 7.393171209678622624e+00
1.183345344405326841e+03 -3.824668571428580890e+02 9.999999999864731137e+01 7.393193877138552139e+00
1.170253737641971838e+03 -3.842380000000009659e+02 1.000000000007735963e+02 7.393216947104852999e+00
1.157291768641518729e+03 -3.860091428571438428e+02 1.000000000015550370e+02 7.393240420368196730e+00
1.144459437635470067e+03 -3.877802857142867197e+02 1.000000000009830785e+02 7.393264321164722652e+00
1.131756744688027993e+03 -3.895514285714295966e+02 9.999999999983108978e+01 7.393288664370014196e+00
1.119183689460649703e+03 -3.913225714285724735e+02 1.000000000003447269e+02 7.393313439688711242e+00
1.106740272286735262e+03 -3.930937142857153503e+02 9.999999999538745499e+01 7.393338685934658372e+00
1.094426493173768449e+03 -3.948648571428582272e+02 9.999999999907613812e+01 7.393364404215436281e+00
1.082242351408081277e+03 -3.966360000000011041e+02 9.999999999621064717e+01 7.393390575451337376e+00
1.070187848131874034e+03 -3.984071428571439810e+02 1.000000000003837926e+02 7.393417274821541874e+00
1.058262982458043098e+03 -4.001782857142868579e+02 9.999999999802354012e+01 7.393444471250249173e+00
1.046467754825374413e+03 -4.019494285714297348e+02 9.999999999996052225e+01 7.393472198491204850e+00
1.034802165095351711e+03 -4.037205714285726117e+02 9.999999999966661335e+01 7.393500468761265765e+00
1.023266213268389379e+03 -4.054917142857154886e+02 9.999999999976901677e+01 7.393529295856401617e+00
1.011859899366305967e+03 -4.072628571428583655e+02 1.000000000004642118e+02 7.393558697602576224e+00
1.000583223392898503e+03 -4.090340000000012424e+02 9.999999999966303221e+01 7.393588693422254998e+00
9.894361853535882574e+02 -4.108051428571441193e+02 9.999999999921442395e+01 7.393619300356900403e+00
9.784187850595183136e+02 -4.125762857142869962e+02 9.999999999935818096e+01 7.393650522293344629e+00
9.675310228408475268e+02 -4.143474285714298730e+02 1.000000000013108945e+02 7.393682403030088501e+00
9.567728985599935640e+02 -4.161185714285727499e+02 9.999999999906067671e+01 7.393714958008092530e+00
9.461444119630330079e+02 -4.178897142857156268e+02 9.999999999695555175e+01 7.393748183518771278e+00
9.356455636293186444e+02 -4.196608571428585037e+02 1.000000000002736016e+02 7.393782144831310355e+00
9.252763529918868244e+02 -4.214320000000013806e+02 9.999999999754051316e+01 7.393816828105951089e+00
9.150367802686458845e+02 -4.232031428571442575e+02 9.999999999996744293e+01 7.393852265372631294e+00
9.049268454066790355e+02 -4.249742857142871344e+02 1.000000000004704503e+02 7.393888483233251208e+00
8.949465485737567860e+02 -4.267454285714300113e+02 1.000000000012250609e+02 7.393925521575882343e+00
8.850958896854574505e+02 -4.285165714285728882e+02 9.999999999943021578e+01 7.393963402742586233e+00
8.753748685306879906e+02 -4.302877142857157651e+02 9.999999999802906814e+01 7.394002132303628017e+00
8.657834854828695370e+02 -4.320588571428586420e+02 1.000000000014161259e+02 7.394041772580662197e+00
8.563217403498996418e+02 -4.338300000000015189e+02 9.999999999938155781e+01 7.394082345866674899e+00
8.469896330208973723e+02 -4.356011428571443957e+02 9.999999999961902120e+01 7.394123866183567984e+00
8.377871637014944781e+02 -4.373722857142872726e+02 1.000000000005004495e+02 7.394166391087895640e+00
8.287143322286516423e+02 -4.391434285714301495e+02 1.000000000005016147e+02 7.394209940503339240e+00
8.197711386743588946e+02 -4.409145714285730264e+02 9.999999999802723494e+01 7.394254561593244901e+00
8.109575830435801436e+02 -4.426857142857159033e+02 1.000000000003044818e+02 7.394300287857088705e+00
8.022736652697017234e+02 -4.444568571428587802e+02 1.000000000005329639e+02 7.394347159564995664e+00
7.937193855716623148e+02 -4.462280000000016571e+02 1.000000000004724967e+02 7.394395245117228122e+00
7.852947435210357980e+02 -4.479991428571445340e+02 1.000000000002484910e+02 7.394444538171534909e+00
7.769997397166980591e+02 -4.497702857142874109e+02 1.000000000003912675e+02 7.394495161605160405e+00
7.688343735472827802e+02 -4.515414285714302878e+02 1.000000000000310081e+02 7.394547088870443652e+00
7.607986454477706957e+02 -4.533125714285731647e+02 1.000000000008940901e+02 7.394600429378641593e+00
7.528925552611121930e+02 -4.550837142857160416e+02 1.000000000006207159e+02 7.394655220617332603e+00
7.451161028569238169e+02 -4.568548571428589185e+02 1.000000000002949747e+02 7.394711503401468100e+00
7.374692884119338032e+02 -4.586260000000017953e+02 1.000000000013841799e+02 7.394769363547047725e+00
7.299521119236399045e+02 -4.603971428571446722e+02 9.999999999989697130e+01 7.394828871602994624e+00
7.225645734254026138e+02 -4.621682857142875491e+02 1.000000000003991545e+02 7.394890099790506710e+00
7.153066727762785604e+02 -4.639394285714304260e+02 9.999999999915679894e+01 7.394953103891194424e+00
7.081784100454980262e+02 -4.657105714285733029e+02 9.999999999910571091e+01 7.395017970804028451e+00
7.011797851343060302e+02 -4.674817142857161798e+02 1.000000000021120456e+02 7.395084765041739949e+00
6.943107982714799391e+02 -4.692528571428590567e+02 9.999999999926430405e+01 7.395153623048265068e+00
6.875714491983578682e+02 -4.710240000000019336e+02 9.999999999958050978e+01 7.395224584737141171e+00
6.809617381226557882e+02 -4.727951428571448105e+02 9.999999999968072473e+01 7.395297790488982947e+00
6.744816649024666049e+02 -4.745662857142876874e+02 9.999999999558670538e+01 7.395373323463887871e+00
6.681312296943560796e+02 -4.763374285714305643e+02 1.000000000000625562e+02 7.395451316161531174e+00
6.619104323174194633e+02 -4.781085714285734412e+02 9.999999999940224882e+01 7.395531864544008904e+00
6.558192729165372157e+02 -4.798797142857163180e+02 1.000000000000895852e+02 7.395615121011854143e+00
6.498577513589517594e+02 -4.816508571428591949e+02 9.999999999905105597e+01 7.395701196450252368e+00
6.440258677637506253e+02 -4.834220000000020718e+02 1.000000000001823821e+02 7.395790259663884925e+00
6.383236220671362844e+02 -4.851931428571449487e+02 1.000000000010952732e+02 7.395882455065985184e+00
6.327510142835717488e+02 -4.869642857142878256e+02 9.999999999960742514e+01 7.395977954863830917e+00
6.273080444025486031e+02 -4.887354285714307025e+02 1.000000000010603145e+02 7.396076930441097375e+00
6.219947124949594581e+02 -4.905065714285735794e+02 9.999999999851723942e+01 7.396179600330655468e+00
6.168110184610193301e+02 -4.922777142857164563e+02 9.999999999976867571e+01 7.396286137240275060e+00
6.117569623383438966e+02 -4.940488571428593332e+02 9.999999999830956199e+01 7.396396778786471060e+00
6.068325441344926503e+02 -4.958200000000022101e+02 1.000000000010416983e+02 7.396511761017112718e+00
6.020377637998052478e+02 -4.975911428571450870e+02 9.999999999934453854e+01 7.396631333427523103e+00
5.973726214319304972e+02 -4.993622857142879639e+02 9.999999999945423212e+01 7.396755800992479202e+00
5.928371169525282767e+02 -5.011334285714308407e+02 1.000000000004811085e+02 7.396885439990899869e+00
5.884312503869681450e+02 -5.029045714285737176e+02 1.000000000000371045e+02 7.397020587500480637e+00
5.841550217475966065e+02 -5.046757142857165945e+02 1.000000000000769802e+02 7.397161600372357704e+00
5.800084309873798247e+02 -5.064468571428594714e+02 9.999999999871953094e+01 7.397308846163155316e+00
5.759914781996126294e+02 -5.082180000000023483e+02 1.000000000001222844e+02 7.397462777893967001e+00
5.721041632945914444e+02 -5.099891428571452252e+02 1.000000000006144489e+02 7.397623817028628146e+00
5.683464863150496740e+02 -5.117602857142881021e+02 1.000000000002806644e+02 7.397792479324792225e+00
5.647184472413076719e+02 -5.135314285714309790e+02 1.000000000002728200e+02 7.397969298241351410e+00
5.612200460620499598e+02 -5.153025714285738559e+02 1.000000000000801492e+02 7.398154862667521314e+00
5.578512828252635245e+02 -5.170737142857167328e+02 1.000000000022046862e+02 7.398349848972248566e+00
5.546121574865337607e+02 -5.188448571428596097e+02 9.999999999970630427e+01 7.398554956455507536e+00
5.515026700474679728e+02 -5.206160000000024866e+02 9.999999999918389904e+01 7.398770968372684997e+00
5.485228205581811380e+02 -5.223871428571453635e+02 1.000000000007753442e+02 7.398998788513044822e+00
5.456726089361636696e+02 -5.241582857142882403e+02 9.999999999637213932e+01 7.399239330233410961e+00
5.429520352491474569e+02 -5.259294285714311172e+02 9.999999999943669593e+01 7.399493692760643171e+00
5.403610994918726647e+02 -5.277005714285739941e+02 9.999999999942541251e+01 7.399763064892662889e+00
5.378998016245252529e+02 -5.294717142857168710e+02 1.000000000005260290e+02 7.400048720374810429e+00
5.355681416694288828e+02 -5.312428571428597479e+02 1.000000000016456312e+02 7.400352134252622172e+00
5.333661196390324903e+02 -5.330140000000026248e+02 1.000000000006727277e+02 7.400674943135111761e+00
5.312937355057645163e+02 -5.347851428571455017e+02 9.999999999854055943e+01 7.401018924025688506e+00
5.293509892899463694e+02 -5.365562857142883786e+02 1.000000000028074965e+02 7.401386103317364906e+00
5.275378809872401007e+02 -5.383274285714312555e+02 1.000000000002043095e+02 7.401778729498006193e+00
5.258544105901643206e+02 -5.400985714285741324e+02 9.999999999973148590e+01 7.402199273229650878e+00
5.243005781022727660e+02 -5.418697142857170093e+02 1.000000000005214247e+02 7.402650496160967819e+00
5.228763835307076988e+02 -5.436408571428598862e+02 9.999999999894166081e+01 7.403135446049259549e+00
5.215818268724311793e+02 -5.454120000000027630e+02 1.000000000070021429e+02 7.403657409833075853e+00
5.204169081108152568e+02 -5.471831428571456399e+02 1.000000000001579252e+02 7.404219901283017435e+00
5.193816272615466687e+02 -5.489542857142885168e+02 1.000000000005701963e+02 7.404826579320899604e+00
5.184759843174065281e+02 -5.507254285714313937e+02 9.999999999943442219e+01 7.405480991792511070e+00
5.176999792891192556e+02 -5.524965714285742706e+02 9.999999999945073625e+01 7.406186217679201711e+00
5.170536121645357071e+02 -5.542677142857171475e+02 9.999999999974203035e+01 7.406943981522645437e+00
5.165368829450926569e+02 -5.560388571428600244e+02 1.000000000006847785e+02 7.407753273449541709e+00
5.161497916368335837e+02 -5.578100000000029013e+02 9.999999999999445777e+01 7.408607550992257096e+00
5.158923382384192564e+02 -5.595811428571457782e+02 1.000000000002751932e+02 7.409489286208457592e+00
5.157645227586467627e+02 -5.613522857142886551e+02 1.000000000030595970e+02 7.410359331453723719e+00
5.157663452065781939e+02 -5.631234285714315320e+02 1.000000000007678267e+02 7.411134643393765487e+00
5.158978056104876941e+02 -5.648945714285744089e+02 9.999999999965534414e+01 7.411639744237525029e+00
5.161589040257880470e+02 -5.666657142857172857e+02 1.000000000015520101e+02 7.411492582342408930e+00
5.165496405872753485e+02 -5.684368571428601626e+02 9.999999999978653875e+01 7.409811009430764095e+00
5.170700156479792895e+02 -5.702080000000030395e+02 1.000000000009017924e+02 7.404358642472515406e+00
5.177200303235382535e+02 -5.719791428571459164e+02 9.999999999997557154e+01 7.388603565010051000e+00
5.170667136638688817e+02 -5.701980000000030486e+02 1.000000000001230660e+02 7.404408448526979214e+00
5.170650642216460255e+02 -5.701930000000030532e+02 1.000000000010974048e+02 7.404433243112015894e+00
5.170634158123934867e+02 -5.701880000000030577e+02 1.000000000021762503e+02 7.404457957715242955e+00
5.170617684367960010e+02 -5.701830000000030623e+02 1.000000000010880683e+02 7.404482618203468647e+00
5.170601220933727973e+02 -5.701780000000030668e+02 9.999999999965669417e+01 7.404507172023229167e+00
5.170584767835567845e+02 -5.701730000000030714e+02 9.999999999750926349e+01 7.404531669300178365e+00
5.170568325071757272e+02 -5.701680000000030759e+02 1.000000000007491678e+02 7.404556098906213357e+00
5.170551892636326556e+02 -5.701630000000030805e+02 9.999999999963908692e+01 7.404580448985186081e+00
5.170535470535655804e+02 -5.701580000000030850e+02 1.000000000005999397e+02 7.404604735882234223e+00
5.170519058763399016e+02 -5.701530000000030896e+02 1.000000000023168099e+02 7.404628939502860163e+00
5.170502657325164364e+02 -5.701480000000030941e+02 9.999999999945879381e+01 7.404653083985874851e+00
5.170486266217687898e+02 -5.701430000000030986e+02 1.000000000001231939e+02 7.404677150784730877e+00
5.170469885442992108e+02 -5.701380000000031032e+02 9.999999999771088710e+01 7.404701153388377755e+00
5.170453515000860989e+02 -5.701330000000031077e+02 1.000000000040108716e+02 7.404725080215922794e+00
5.170437154888254554e+02 -5.701280000000031123e+02 1.000000000017939641e+02 7.404748937079610016e+00
5.177240684019858463e+02 -5.719891428571459073e+02 9.999999999973205433e+01 7.388457154868582677e+00
5.177281106132984405e+02 -5.719991428571458982e+02 9.999999999929134731e+01 7.388309817860845286e+00
5.177321569572578710e+02 -5.720091428571458891e+02 9.999999999996040856e+01 7.388161533533740055e+00
5.177362074339821447e+02 -5.720191428571458800e+02 9.999999999805832829e+01 7.388012305205426955e+00
5.177402620439464727e+02 -5.720291428571458709e+02 1.000000000018438726e+02 7.387862146758786608e+00
5.177443207862174859e+02 -5.720391428571458619e+02 1.000000000002860361e+02 7.387711006154317417e+00
5.177483836612743744e+02 -5.720491428571458528e+02 1.000000000004038867e+02 7.387558898280079944e+00
5.177524506691772785e+02 -5.720591428571458437e+02 9.999999999999410250e+01 7.387405821664740913e+00
5.177565218099724689e+02 -5.720691428571458346e+02 9.999999999926590988e+01 7.387251772148967000e+00
5.177605970835101061e+02 -5.720791428571458255e+02 1.000000000000592166e+02 7.387096731525916837e+00
5.177646764897799585e+02 -5.720891428571458164e+02 1.000000000010204673e+02 7.386940693644898026e+00
5.177687600290806813e+02 -5.720991428571458073e+02 1.000000000010510206e+02 7.386783670120592227e+00
5.177728477009250128e+02 -5.721091428571457982e+02 1.000000000006580478e+02 7.386625623380959738e+00
5.177769395056304802e+02 -5.721191428571457891e+02 1.000000000002012541e+02 7.386466565369537385e+00
5.177810354433185012e+02 -5.721291428571457800e+02 9.999999999960401453e+01 7.386306496173657976e+00
5.177851355136115217e+02 -5.721391428571457709e+02 9.999999999936143524e+01 7.386145384355097931e+00
5.177892397169025571e+02 -5.721491428571457618e+02 1.000000000015413519e+02 7.385983245022358368e+00
5.177933480527511847e+02 -5.721591428571457527e+02 9.999999999935157291e+01 7.385820049520381403e+00
5.177974605213937593e+02 -5.721691428571457436e+02 1.000000000003118288e+02 7.385655797594975702e+00
5.178015771230456039e+02 -5.721791428571457345e+02 1.000000000000613198e+02 7.385490499046515112e+00
5.178056978573987408e+02 -5.721891428571457254e+02 1.000000000000717080e+02 7.385324125460689615e+00
5.178098227244446434e+02 -5.721991428571457163e+02 9.999999999862453137e+01 7.385156670117847710e+00
5.178139517246964942e+02 -5.722091428571457072e+02 9.999999999889254809e+01 7.384988154077663403e+00
5.178180848573707635e+02 -5.722191428571456981e+02 1.000000000001876401e+02 7.384818520950380716e+00
5.178222221232236961e+02 -5.722291428571456890e+02 1.000000000041355719e+02 7.384647808867177865e+00
5.178263635214852911e+02 -5.722391428571456800e+02 9.999999999806074413e+01 7.384475972138230482e+00
5.178305090528438086e+02 -5.722491428571456709e+02 1.000000000005595524e+02 7.384303029644864402e+00
5.178346587169770601e+02 -5.722591428571456618e+02 1.000000000003045670e+02 7.384128962740349245e+00
5.178388125137370253e+02 -5.722691428571456527e+02 9.999999999733428524e+01 7.383953753352860083e+00
5.178429704437144210e+02 -5.722791428571456436e+02 9.999999999890852109e+01 7.383777424510044263e+00
5.178471325061650532e+02 -5.722891428571456345e+02 9.999999999995841904e+01 7.383599924453308816e+00
5.178512987016085845e+02 -5.722991428571456254e+02 1.000000000000095497e+02 7.383421278336977700e+00
5.178554690298140031e+02 -5.723091428571456163e+02 1.000000000002818439e+02 7.383241461644822756e+00
5.178596434911843289e+02 -5.723191428571456072e+02 1.000000000029963019e+02 7.383060489913710889e+00
5.178638220850004927e+02 -5.723291428571455981e+02 1.000000000006726140e+02 7.382878313742113896e+00
5.178680048117478236e+02 -5.723391428571455890e+02 1.000000000019953745e+02 7.382694948369293186e+00
5.178721916713386690e+02 -5.723491428571455799e+02 9.999999999920798643e+01 7.382510386208137376e+00
5.178763826639834633e+02 -5.723591428571455708e+02 1.000000000039446348e+02 7.382324621481933136e+00
5.178805777889250521e+02 -5.723691428571455617e+02 1.000000000009090257e+02 7.382137608526321060e+00
5.178847770473479386e+02 -5.723791428571455526e+02 1.000000000009409007e+02 7.381949407107541106e+00
5.178889804382196189e+02 -5.723891428571455435e+02 1.000000000002316938e+02 7.381759942823030940e+00
5.178931879619653955e+02 -5.723991428571455344e+02 1.000000000000355413e+02 7.381569233094004368e+00
5.178973996186543900e+02 -5.724091428571455253e+02 1.000000000002960263e+02 7.381377273542900852e+00
5.179016154081982677e+02 -5.724191428571455162e+02 9.999999999931391415e+01 7.381184049915066048e+00
5.179058353305373430e+02 -5.724291428571455072e+02 1.000000000006073009e+02 7.380989545692777654e+00
5.179100593858106549e+02 -5.724391428571454981e+02 9.999999999883405621e+01 7.380793765026504083e+00
5.179142875740071759e+02 -5.724491428571454890e+02 1.000000000011442722e+02 7.380596691220374872e+00
5.179185198949811593e+02 -5.724591428571454799e+02 9.999999999976604670e+01 7.380398311292125868e+00
5.179227563489548629e+02 -5.724691428571454708e+02 1.000000000034801531e+02 7.380198622757641047e+00
5.179269969355212879e+02 -5.724791428571454617e+02 1.000000000010821424e+02 7.379997597366832807e+00
5.177240684019858463e+02 -5.719891428571459073e+02 9.999999999973205433e+01 7.388457154868582677e+00
5.177362074339891933e+02 -5.720191428571458800e+02 1.000000000002546869e+02 7.388012303560844707e+00
5.177483836613610038e+02 -5.720491428571458528e+02 9.999999999979951326e+01 7.387558903952906597e+00
5.177605970836449387e+02 -5.720791428571458255e+02 1.000000000024910491e+02 7.387096737415428827e+00
5.177728477009335393e+02 -5.721091428571457982e+02 9.999999999881836743e+01 7.386625625592517785e+00
5.177851355133416291e+02 -5.721391428571457709e+02 9.999999999172921150e+01 7.386145374864883095e+00
5.177974605215503061e+02 -5.721691428571457436e+02 9.999999999899550573e+01 7.385655808470501960e+00
5.178098227243829115e+02 -5.721991428571457163e+02 9.999999999940823159e+01 7.385156665456507952e+00
5.178222221230470268e+02 -5.722291428571456890e+02 9.999999999958320984e+01 7.384647801755322760e+00
5.178346587169691020e+02 -5.722591428571456618e+02 1.000000000016636221e+02 7.384128960948608267e+00
5.178471325060232857e+02 -5.722891428571456345e+02 9.999999999596801104e+01 7.383599918826590169e+00
5.178596434909165964e+02 -5.723191428571456072e+02 1.000000000052326357e+02 7.383060470272887699e+00
5.178721916713419660e+02 -5.723491428571455799e+02 1.000000000007391634e+02 7.382510385044136925e+00
5.178847770471729746e+02 -5.723791428571455526e+02 1.000000000005392025e+02 7.381949395856921115e+00
5.178973996186184650e+02 -5.724091428571455253e+02 1.000000000009026451e+02 7.381377270576042982e+00
5.179100593860802064e+02 -5.724391428571454981e+02 9.999999999985999466e+01 7.380793782470569830e+00
5.179227563488681199e+02 -5.724691428571454708e+02 1.000000000016067503e+02 7.380198618374471664e+00
5.179354905075075521e+02 -5.724991428571454435e+02 9.999999999886887281e+01 7.379591550754814655e+00
5.179482618622146219e+02 -5.725291428571454162e+02 1.000000000036536392e+02 7.378972307118186080e+00
5.179610704127682084e+02 -5.725591428571453889e+02 9.999999999843133480e+01 7.378340603483386495e+00
5.179739161592410710e+02 -5.725891428571453616e+02 9.999999999716584398e+01 7.377696140245748602e+00
5.179867991018099929e+02 -5.726191428571453343e+02 1.000000000002194582e+02 7.377038629130296066e+00
5.179997192407307693e+02 -5.726491428571453071e+02 9.999999999946146545e+01 7.376367788150132832e+00
5.180126765753835798e+02 -5.726791428571452798e+02 1.000000000002336975e+02 7.375683250054975382e+00
5.180256711067247579e+02 -5.727091428571452525e+02 9.999999999746498247e+01 7.374984764341098398e+00
5.180387028343026259e+02 -5.727391428571452252e+02 1.000000000003507949e+02 7.374271954557165110e+00
5.180517717583494459e+02 -5.727691428571451979e+02 1.000000000003328608e+02 7.373544502283995605e+00
5.180648778788465734e+02 -5.727991428571451706e+02 1.000000000011510508e+02 7.372802048609383263e+00
5.180780211959829558e+02 -5.728291428571451434e+02 1.000000000008661658e+02 7.372044246797055500e+00
5.180912017098708020e+02 -5.728591428571451161e+02 1.000000000001462013e+02 7.371270731316903913e+00
5.181044194204442874e+02 -5.728891428571450888e+02 9.999999999989617550e+01 7.370481111803651508e+00
5.181176743279598895e+02 -5.729191428571450615e+02 9.999999999961544006e+01 7.369675013605728076e+00
5.181309664323977131e+02 -5.729491428571450342e+02 1.000000000022385365e+02 7.368852026668538002e+00
5.181442957339296527e+02 -5.729791428571450069e+02 9.999999999906857795e+01 7.368011754288938064e+00
5.181576622326217603e+02 -5.730091428571449796e+02 9.999999999942640727e+01 7.367153763810308398e+00
5.181710659285636211e+02 -5.730391428571449524e+02 1.000000000012102817e+02 7.366277621720813684e+00
5.181845068221041402e+02 -5.730691428571449251e+02 9.999999999825499231e+01 7.365382908347311464e+00
5.181979849130271987e+02 -5.730991428571448978e+02 9.999999999928662930e+01 7.364469128997098046e+00
5.182115002016208791e+02 -5.731291428571448705e+02 1.000000000006974261e+02 7.363535829529095800e+00
5.182250526879735162e+02 -5.731591428571448432e+02 9.999999999797660166e+01 7.362582525562969771e+00
5.182386423722365407e+02 -5.731891428571448159e+02 1.000000000050043951e+02 7.361608707080844027e+00
5.182522692545743439e+02 -5.732191428571447886e+02 1.000000000010452368e+02 7.360613882469271729e+00
5.182659333351573423e+02 -5.732491428571447614e+02 9.999999999956118302e+01 7.359597513564913207e+00
5.182796346139225534e+02 -5.732791428571447341e+02 1.000000000010373498e+02 7.358559036341618231e+00
5.182933730911295243e+02 -5.733091428571447068e+02 9.999999999859637967e+01 7.357497907383532265e+00
5.183071487672353896e+02 -5.733391428571446795e+02 1.000000000025674041e+02 7.356413569882176873e+00
5.183209616418885162e+02 -5.733691428571446522e+02 1.000000000011930865e+02 7.355305391820759375e+00
5.183348117156921262e+02 -5.733991428571446249e+02 1.000000000006797620e+02 7.354172799226113888e+00
5.183486989885095682e+02 -5.734291428571445977e+02 9.999999999715956278e+01 7.353015135937492452e+00
5.183626234608858567e+02 -5.734591428571445704e+02 1.000000000013189094e+02 7.351831781508626484e+00
5.177281106133268622e+02 -5.719991428571458982e+02 1.000000000005377814e+02 7.388309818327290834e+00
5.177402620436205325e+02 -5.720291428571458709e+02 1.000000000022110527e+02 7.387862127067810647e+00
5.177524506692466275e+02 -5.720591428571458437e+02 1.000000000006271392e+02 7.387405825261842196e+00
5.177646764898694300e+02 -5.720891428571458164e+02 1.000000000001481908e+02 7.386940699875037986e+00
5.177769395057058546e+02 -5.721191428571457891e+02 1.000000000034575862e+02 7.386466566995553151e+00
5.177892397167124727e+02 -5.721491428571457618e+02 9.999999999872164835e+01 7.385983235910058120e+00
5.178015771229323718e+02 -5.721791428571457345e+02 9.999999999973103115e+01 7.385490492301614474e+00
5.178139517245560910e+02 -5.722091428571457072e+02 9.999999999969826092e+01 7.384988144411719801e+00
5.178263635214460692e+02 -5.722391428571456800e+02 9.999999999936655115e+01 7.384475968550067826e+00
5.178388125139123304e+02 -5.722691428571456527e+02 9.999999999972985165e+01 7.383953762480597760e+00
5.178512987017172691e+02 -5.722991428571456254e+02 1.000000000005874341e+02 7.383421284940837381e+00
5.178638220849120444e+02 -5.723291428571455981e+02 9.999999999796052919e+01 7.382878310424850987e+00
5.178763826638944465e+02 -5.723591428571455708e+02 1.000000000002322764e+02 7.382324618863934873e+00
5.178889804382279181e+02 -5.723891428571455435e+02 1.000000000013958044e+02 7.381759942328772084e+00
5.179016154082867160e+02 -5.724191428571455162e+02 9.999999999976805043e+01 7.381184055461307736e+00
5.179142875740028558e+02 -5.724491428571454890e+02 9.999999999859616651e+01 7.380596693289446009e+00
5.179269969355835883e+02 -5.724791428571454617e+02 9.999999999755299029e+01 7.379997604865994099e+00
5.179397434929248902e+02 -5.725091428571454344e+02 1.000000000009443824e+02 7.379386507290774055e+00
5.179525272462104795e+02 -5.725391428571454071e+02 9.999999999600861145e+01 7.378763145535418566e+00
5.179653481953437222e+02 -5.725691428571453798e+02 9.999999999978940934e+01 7.378127210278043080e+00
5.179782063407659507e+02 -5.725991428571453525e+02 9.999999999926509986e+01 7.377478450105256158e+00
5.179911016816638494e+02 -5.726291428571453253e+02 9.999999999692759900e+01 7.376816501086151057e+00
5.180040342195874246e+02 -5.726591428571452980e+02 1.000000000064123498e+02 7.376141152582870397e+00
5.180170039531094517e+02 -5.726891428571452707e+02 9.999999999997648104e+01 7.375452005362968855e+00
5.180300108829712826e+02 -5.727191428571452434e+02 1.000000000000380282e+02 7.374748765022748564e+00
5.180430550093744841e+02 -5.727491428571452161e+02 9.999999999801474360e+01 7.374031116863047686e+00
5.180561363322669877e+02 -5.727791428571451888e+02 9.999999999876520462e+01 7.373298705626553762e+00
5.180692548514542750e+02 -5.728091428571451615e+02 9.999999999036678844e+01 7.372551170129955977e+00
5.180824105677380658e+02 -5.728391428571451343e+02 1.000000000032675160e+02 7.371788178362638000e+00
5.180956034803950843e+02 -5.728691428571451070e+02 1.000000000001905534e+02 7.371009330428862860e+00
5.181088335899506774e+02 -5.728991428571450797e+02 9.999999999950865970e+01 7.370214263024243095e+00
5.181221008963754002e+02 -5.729291428571450524e+02 9.999999999963701214e+01 7.369402576141047767e+00
5.181354053997871461e+02 -5.729591428571450251e+02 1.000000000007027410e+02 7.368573869159250833e+00
5.181487471004325016e+02 -5.729891428571449978e+02 9.999999999888129310e+01 7.367727744085716957e+00
5.181621259981690173e+02 -5.730191428571449705e+02 9.999999999915289095e+01 7.366863749945971485e+00
5.181755420934246104e+02 -5.730491428571449433e+02 9.999999999948059326e+01 7.365981478410568606e+00
5.181889953859424622e+02 -5.730791428571449160e+02 1.000000000007227925e+02 7.365080446829513683e+00
5.182024858762366648e+02 -5.731091428571448887e+02 1.000000000018953585e+02 7.364160227920607760e+00
5.182160135639857117e+02 -5.731391428571448614e+02 9.999999999995961275e+01 7.363220309087323834e+00
5.182295784495872795e+02 -5.731691428571448341e+02 9.999999999758524893e+01 7.362260222435944357e+00
5.182431805332680597e+02 -5.731991428571448068e+02 9.999999999984254373e+01 7.361279467494849627e+00
5.182568198148827605e+02 -5.732291428571447796e+02 9.999999999926315297e+01 7.360277507196767210e+00
5.182704962948879484e+02 -5.732591428571447523e+02 1.000000000008281376e+02 7.359253832411640772e+00
5.182842099731249164e+02 -5.732891428571447250e+02 9.999999999984704857e+01 7.358207869335013029e+00
5.182979608498540074e+02 -5.733191428571446977e+02 9.999999999925573491e+01 7.357139060332537284e+00
5.183117489255201917e+02 -5.733491428571446704e+02 1.000000000021711912e+02 7.356046848178965369e+00
5.183255741999724933e+02 -5.733791428571446431e+02 1.000000000029540530e+02 7.354930608786777846e+00
5.183394366733548395e+02 -5.734091428571446158e+02 9.999999999646246351e+01 7.353789727291676570e+00
5.183533363460940109e+02 -5.734391428571445886e+02 9.999999999926217242e+01 7.352623578848953123e+00
5.183672732181127003e+02 -5.734691428571445613e+02 9.999999999965474728e+01 7.351431493577079479e+00
5.177281106133268622e+02 -5.719991428571458982e+02 1.000000000005377814e+02 7.388309818327290834e+00
5.177402620436205325e+02 -5.720291428571458709e+02 1.000000000022110527e+02 7.387862127067810647e+00
5.177524506692466275e+02 -5.720591428571458437e+02 1.000000000006271392e+02 7.387405825261842196e+00
5.177646764898694300e+02 -5.720891428571458164e+02 1.000000000001481908e+02 7.386940699875037986e+00
5.177769395057058546e+02 -5.721191428571457891e+02 1.000000000034575862e+02 7.386466566995553151e+00
5.177892397167124727e+02 -5.721491428571457618e+02 9.999999999872164835e+01 7.385983235910058120e+00
5.178015771229323718e+02 -5.721791428571457345e+02 9.999999999973103115e+01 7.385490492301614474e+00
5.178139517245560910e+02 -5.722091428571457072e+02 9.999999999969826092e+01 7.384988144411719801e+00
5.178263635214460692e+02 -5.722391428571456800e+02 9.999999999936655115e+01 7.384475968550067826e+00
5.178388125139123304e+02 -5.722691428571456527e+02 9.999999999972985165e+01 7.383953762480597760e+00
5.178512987017172691e+02 -5.722991428571456254e+02 1.000000000005874341e+02 7.383421284940837381e+00
5.178638220849120444e+02 -5.723291428571455981e+02 9.999999999796052919e+01 7.382878310424850987e+00
5.178763826638944465e+02 -5.723591428571455708e+02 1.000000000002322764e+02 7.382324618863934873e+00
5.178889804382279181e+02 -5.723891428571455435e+02 1.000000000013958044e+02 7.381759942328772084e+00
5.179016154082867160e+02 -5.724191428571455162e+02 9.999999999976805043e+01 7.381184055461307736e+00
5.179142875740028558e+02 -5.724491428571454890e+02 9.999999999859616651e+01 7.380596693289446009e+00
5.179269969355835883e+02 -5.724791428571454617e+02 9.999999999755299029e+01 7.379997604865994099e+00
5.179397434929248902e+02 -5.725091428571454344e+02 1.000000000009443824e+02 7.379386507290774055e+00
5.179525272462104795e+02 -5.725391428571454071e+02 9.999999999600861145e+01 7.378763145535418566e+00
5.179653481953437222e+02 -5.725691428571453798e+02 9.999999999978940934e+01 7.378127210278043080e+00
5.179782063407659507e+02 -5.725991428571453525e+02 9.999999999926509986e+01 7.377478450105256158e+00
5.179911016816638494e+02 -5.726291428571453253e+02 9.999999999692759900e+01 7.376816501086151057e+00
5.180040342195874246e+02 -5.726591428571452980e+02 1.000000000064123498e+02 7.376141152582870397e+00
5.180170039531094517e+02 -5.726891428571452707e+02 9.999999999997648104e+01 7.375452005362968855e+00
5.180300108829712826e+02 -5.727191428571452434e+02 1.000000000000380282e+02 7.374748765022748564e+00
5.180430550093744841e+02 -5.727491428571452161e+02 9.999999999801474360e+01 7.374031116863047686e+00
5.180561363322669877e+02 -5.727791428571451888e+02 9.999999999876520462e+01 7.373298705626553762e+00
5.180692548514542750e+02 -5.728091428571451615e+02 9.999999999036678844e+01 7.372551170129955977e+00
5.180824105677380658e+02 -5.728391428571451343e+02 1.000000000032675160e+02 7.371788178362638000e+00
5.180956034803950843e+02 -5.728691428571451070e+02 1.000000000001905534e+02 7.371009330428862860e+00
5.181088335899506774e+02 -5.728991428571450797e+02 9.999999999950865970e+01 7.370214263024243095e+00
5.181221008963754002e+02 -5.729291428571450524e+02 9.999999999963701214e+01 7.369402576141047767e+00
5.181354053997871461e+02 -5.729591428571450251e+02 1.000000000007027410e+02 7.368573869159250833e+00
5.181487471004325016e+02 -5.729891428571449978e+02 9.999999999888129310e+01 7.367727744085716957e+00
5.181621259981690173e+02 -5.730191428571449705e+02 9.999999999915289095e+01 7.366863749945971485e+00
5.181755420934246104e+02 -5.730491428571449433e+02 9.999999999948059326e+01 7.365981478410568606e+00
5.181889953859424622e+02 -5.730791428571449160e+02 1.000000000007227925e+02 7.365080446829513683e+00
5.182024858762366648e+02 -5.731091428571448887e+02 1.000000000018953585e+02 7.364160227920607760e+00
5.182160135639857117e+02 -5.731391428571448614e+02 9.999999999995961275e+01 7.363220309087323834e+00
5.182295784495872795e+02 -5.731691428571448341e+02 9.999999999758524893e+01 7.362260222435944357e+00
5.182431805332680597e+02 -5.731991428571448068e+02 9.999999999984254373e+01 7.361279467494849627e+00
5.182568198148827605e+02 -5.732291428571447796e+02 9.999999999926315297e+01 7.360277507196767210e+00
5.182704962948879484e+02 -5.732591428571447523e+02 1.000000000008281376e+02 7.359253832411640772e+00
5.182842099731249164e+02 -5.732891428571447250e+02 9.999999999984704857e+01 7.358207869335013029e+00
5.182979608498540074e+02 -5.733191428571446977e+02 9.999999999925573491e+01 7.357139060332537284e+00
5.183117489255201917e+02 -5.733491428571446704e+02 1.000000000021711912e+02 7.356046848178965369e+00
5.183255741999724933e+02 -5.733791428571446431e+02 1.000000000029540530e+02 7.354930608786777846e+00
5.183394366733548395e+02 -5.734091428571446158e+02 9.999999999646246351e+01 7.353789727291676570e+00
5.183533363460940109e+02 -5.734391428571445886e+02 9.999999999926217242e+01 7.352623578848953123e+00
5.183672732181127003e+02 -5.734691428571445613e+02 9.999999999965474728e+01 7.351431493577079479e+00
5.177281106133268622e+02 -5.719991428571458982e+02 1.000000000005377814e+02 7.388309818327290834e+00
5.177402620436205325e+02 -5.720291428571458709e+02 1.000000000022110527e+02 7.387862127067810647e+00
5.177524506692466275e+02 -5.720591428571458437e+02 1.000000000006271392e+02 7.387405825261842196e+00
5.177646764898694300e+02 -5.720891428571458164e+02 1.000000000001481908e+02 7.386940699875037986e+00
5.177769395057058546e+02 -5.721191428571457891e+02 1.000000000034575862e+02 7.386466566995553151e+00
5.177892397167124727e+02 -5.721491428571457618e+02 9.999999999872164835e+01 7.385983235910058120e+00
5.178015771229323718e+02 -5.721791428571457345e+02 9.999999999973103115e+01 7.385490492301614474e+00
5.178139517245560910e+02 -5.722091428571457072e+02 9.999999999969826092e+01 7.384988144411719801e+00
5.178263635214460692e+02 -5.722391428571456800e+02 9.999999999936655115e+01 7.384475968550067826e+00
5.178388125139123304e+02 -5.722691428571456527e+02 9.999999999972985165e+01 7.383953762480597760e+00
5.178512987017172691e+02 -5.722991428571456254e+02 1.000000000005874341e+02 7.383421284940837381e+00
5.178638220849120444e+02 -5.723291428571455981e+02 9.999999999796052919e+01 7.382878310424850987e+00
5.178763826638944465e+02 -5.723591428571455708e+02 1.000000000002322764e+02 7.382324618863934873e+00
5.178889804382279181e+02 -5.723891428571455435e+02 1.000000000013958044e+02 7.381759942328772084e+00
5.179016154082867160e+02 -5.724191428571455162e+02 9.999999999976805043e+01 7.381184055461307736e+00
5.179142875740028558e+02 -5.724491428571454890e+02 9.999999999859616651e+01 7.380596693289446009e+00
5.179269969355835883e+02 -5.724791428571454617e+02 9.999999999755299029e+01 7.379997604865994099e+00
5.179397434929248902e+02 -5.725091428571454344e+02 1.000000000009443824e+02 7.379386507290774055e+00
5.179525272462104795e+02 -5.725391428571454071e+02 9.999999999600861145e+01 7.378763145535418566e+00
5.179653481953437222e+02 -5.725691428571453798e+02 9.999999999978940934e+01 7.378127210278043080e+00
5.179782063407659507e+02 -5.725991428571453525e+02 9.999999999926509986e+01 7.377478450105256158e+00
5.179911016816638494e+02 -5.726291428571453253e+02 9.999999999692759900e+01 7.376816501086151057e+00
5.180040342195874246e+02 -5.726591428571452980e+02 1.000000000064123498e+02 7.376141152582870397e+00
5.180170039531094517e+02 -5.726891428571452707e+02 9.999999999997648104e+01 7.375452005362968855e+00
5.180300108829712826e+02 -5.727191428571452434e+02 1.000000000000380282e+02 7.374748765022748564e+00
5.180430550093744841e+02 -5.727491428571452161e+02 9.999999999801474360e+01 7.374031116863047686e+00
5.180561363322669877e+02 -5.727791428571451888e+02 9.999999999876520462e+01 7.373298705626553762e+00
5.180692548514542750e+02 -5.728091428571451615e+02 9.999999999036678844e+01 7.372551170129955977e+00
5.180824105677380658e+02 -5.728391428571451343e+02 1.000000000032675160e+02 7.371788178362638000e+00
5.180956034803950843e+02 -5.728691428571451070e+02 1.000000000001905534e+02 7.371009330428862860e+00
5.181088335899506774e+02 -5.728991428571450797e+02 9.999999999950865970e+01 7.370214263024243095e+00
5.181221008963754002e+02 -5.729291428571450524e+02 9.999999999963701214e+01 7.369402576141047767e+00
5.181354053997871461e+02 -5.729591428571450251e+02 1.000000000007027410e+02 7.368573869159250833e+00
5.181487471004325016e+02 -5.729891428571449978e+02 9.999999999888129310e+01 7.367727744085716957e+00
5.181621259981690173e+02 -5.730191428571449705e+02 9.999999999915289095e+01 7.366863749945971485e+00
5.181755420934246104e+02 -5.730491428571449433e+02 9.999999999948059326e+01 7.365981478410568606e+00
5.181889953859424622e+02 -5.730791428571449160e+02 1.000000000007227925e+02 7.365080446829513683e+00
5.182024858762366648e+02 -5.731091428571448887e+02 1.000000000018953585e+02 7.364160227920607760e+00
5.182160135639857117e+02 -5.731391428571448614e+02 9.999999999995961275e+01 7.363220309087323834e+00
5.182295784495872795e+02 -5.731691428571448341e+02 9.999999999758524893e+01 7.362260222435944357e+00
5.182431805332680597e+02 -5.731991428571448068e+02 9.999999999984254373e+01 7.361279467494849627e+00
5.182568198148827605e+02 -5.732291428571447796e+02 9.999999999926315297e+01 7.360277507196767210e+00
5.182704962948879484e+02 -5.732591428571447523e+02 1.000000000008281376e+02 7.359253832411640772e+00
5.182842099731249164e+02 -5.732891428571447250e+02 9.999999999984704857e+01 7.358207869335013029e+00
5.182979608498540074e+02 -5.733191428571446977e+02 9.999999999925573491e+01 7.357139060332537284e+00
5.183117489255201917e+02 -5.733491428571446704e+02 1.000000000021711912e+02 7.356046848178965369e+00
5.183255741999724933e+02 -5.733791428571446431e+02 1.000000000029540530e+02 7.354930608786777846e+00
5.183394366733548395e+02 -5.734091428571446158e+02 9.999999999646246351e+01 7.353789727291676570e+00
5.183533363460940109e+02 -5.734391428571445886e+02 9.999999999926217242e+01 7.352623578848953123e+00
5.183672732181127003e+02 -5.734691428571445613e+02 9.999999999965474728e+01 7.351431493577079479e+00
5.183765851326135135e+02 -5.734891428571445431e+02 9.999999999900208536e+01 7.350622041795332962e+00
5.183905840042327782e+02 -5.735191428571445158e+02 9.999999999967404563e+01 7.349385257315160125e+00
5.184046200756883991e+02 -5.735491428571444885e+02 1.000000000000681268e+02 7.348120697247474631e+00
5.184186933473953331e+02 -5.735791428571444612e+02 1.000000000000505480e+02 7.346827654757883685e+00
5.184328038194734063e+02 -5.736091428571444339e+02 1.000000000008210890e+02 7.345505368536400681e+00
5.184469514921227074e+02 -5.736391428571444067e+02 1.000000000002683578e+02 7.344153064827739108e+00
5.184611363658023038e+02 -5.736691428571443794e+02 1.000000000023789397e+02 7.342769968495769461e+00
5.184753584406522577e+02 -5.736991428571443521e+02 9.999999999987807087e+01 7.341355255456489814e+00
5.184896177167983069e+02 -5.737291428571443248e+02 9.999999999911305792e+01 7.339908060639282361e+00
5.185039141947333974e+02 -5.737591428571442975e+02 9.999999999921215021e+01 7.338427540665906079e+00
5.185182478745737171e+02 -5.737891428571442702e+02 9.999999999853451982e+01 7.336912782130053046e+00
5.185326187569443164e+02 -5.738191428571442430e+02 1.000000000015232189e+02 7.335362898202341775e+00
5.185470268418523574e+02 -5.738491428571442157e+02 1.000000000021977229e+02 7.333776908422094287e+00
