5.755845646037032992e+01 0.000000000000000000e+00 1.000024127212327159e+02 7.400430501840400410e+00
5.749436309061831452e+01 1.000000000000000056e-01 9.999999999942349405e+01 7.400498468608764036e+00
5.800609353413055658e+01 -6.990000000000000657e-01 1.000000000003584404e+02 7.399877845814684996e+00
5.851775765268769902e+01 -1.498000000000000220e+00 1.000000000003770282e+02 7.399253236760530150e+00
5.902935544664666878e+01 -2.297000000000000153e+00 1.000000000001451639e+02 7.398624624716404696e+00
5.954088691567681479e+01 -3.096000000000000085e+00 1.000000000004434213e+02 7.397991957683480280e+00
6.005235206008346438e+01 -3.895000000000000018e+00 9.999999999983275245e+01 7.397355217571045749e+00
6.056375087982209493e+01 -4.693999999999999950e+00 1.000000000003349498e+02 7.396714365235419919e+00
6.107508337472183513e+01 -5.493000000000000327e+00 9.999999999991968025e+01 7.396069357953194867e+00
6.158634954483040502e+01 -6.292000000000000703e+00 9.999999999925465488e+01 7.395420161676023341e+00
6.209754939029400589e+01 -7.091000000000001080e+00 9.999999999968976283e+01 7.394766746383347744e+00
6.260868291102413963e+01 -7.890000000000001457e+00 1.000000000014666028e+02 7.394109070283239937e+00
6.311975010689569388e+01 -8.689000000000001833e+00 1.000000000000093792e+02 7.393447093884012666e+00
6.363075097829157301e+01 -9.488000000000001322e+00 9.999999999848073173e+01 7.392780796995395143e+00
6.414168552447296179e+01 -1.028700000000000081e+01 1.000000000012231993e+02 7.392110098208796387e+00
6.465255374632882024e+01 -1.108600000000000030e+01 1.000000000019493740e+02 7.391435012338854804e+00
6.516335564335209085e+01 -1.188499999999999979e+01 1.000000000007010215e+02 7.390755473371585893e+00
6.567409121546032225e+01 -1.268399999999999928e+01 9.999999999854809118e+01 7.390071436628234736e+00
6.618476046297573134e+01 -1.348299999999999876e+01 9.999999999977903542e+01 7.389382875793348404e+00
6.669536338584313739e+01 -1.428199999999999825e+01 1.000000000005494485e+02 7.388689751223052937e+00
6.720589998375240270e+01 -1.508099999999999774e+01 1.000000000016392079e+02 7.387992004750254971e+00
6.771637025701339496e+01 -1.587999999999999723e+01 9.999999999983273824e+01 7.387289615072682558e+00
6.822677420565354112e+01 -1.667899999999999849e+01 9.999999999783473470e+01 7.386582539844501305e+00
6.873711182927750940e+01 -1.747799999999999798e+01 9.999999999951450036e+01 7.385870711836481028e+00
6.924738312847318866e+01 -1.827699999999999747e+01 1.000000000002517879e+02 7.385154125088280175e+00
6.975758810285897482e+01 -1.907599999999999696e+01 9.999999999902020420e+01 7.384432716658333895e+00
7.026772675227888953e+01 -1.987499999999999645e+01 1.000000000009255388e+02 7.383706429508133162e+00
7.077779907703202866e+01 -2.067399999999999594e+01 1.000000000004755947e+02 7.382975241591548610e+00
7.128780507727951488e+01 -2.147299999999999542e+01 9.999999999821994834e+01 7.382239117125838135e+00
7.179774475231641873e+01 -2.227199999999999491e+01 9.999999999309957843e+01 7.381497972144361874e+00
7.230761810314461968e+01 -2.307099999999999440e+01 1.000000000007987637e+02 7.380751804082474443e+00
7.281742512905756826e+01 -2.386999999999999389e+01 9.999999999969452347e+01 7.380000546287043939e+00
7.332716583017715095e+01 -2.466899999999999338e+01 9.999999999876520462e+01 7.379244151134060736e+00
7.383684020650812840e+01 -2.546799999999999287e+01 9.999999999947536367e+01 7.378482570398365858e+00
7.434644825810580926e+01 -2.626699999999999235e+01 1.000000000009864465e+02 7.377715760746413665e+00
7.485598998505309964e+01 -2.706599999999999184e+01 9.999999999992738253e+01 7.376943681755033566e+00
7.536546538708282128e+01 -2.786499999999999133e+01 1.000000000001475371e+02 7.376166265695733415e+00
7.587487446452441020e+01 -2.866399999999999082e+01 1.000000000023957796e+02 7.375383482176000705e+00
7.638421721722903612e+01 -2.946299999999999031e+01 1.000000000001194707e+02 7.374595278541320909e+00
7.689349364494822225e+01 -3.026199999999998980e+01 1.000000000014156143e+02 7.373801582215433470e+00
7.740270374832711298e+01 -3.106099999999998929e+01 9.999999999598173872e+01 7.373002390111699889e+00
7.791184752674024594e+01 -3.185999999999998877e+01 1.000000000012272920e+02 7.372197597706348304e+00
7.842092498028048908e+01 -3.265899999999999181e+01 9.999999999999711520e+01 7.371387173734903264e+00
7.892993610924663983e+01 -3.345799999999999130e+01 9.999999999988465049e+01 7.370571076542108635e+00
7.943888091334245871e+01 -3.425699999999999079e+01 9.999999999921919880e+01 7.369749236485707122e+00
7.994775939290272504e+01 -3.505599999999999028e+01 9.999999999959676700e+01 7.368921618540602125e+00
8.045657154752456108e+01 -3.585499999999998977e+01 9.999999999909164217e+01 7.368088145096921338e+00
8.096531737767615766e+01 -3.665399999999998926e+01 9.999999999998301803e+01 7.367248787648222219e+00
8.147399688272081164e+01 -3.745299999999998875e+01 1.000000000006579768e+02 7.366403452364851390e+00
8.198261006310302434e+01 -3.825199999999998823e+01 9.999999999952785856e+01 7.365552111500608845e+00
8.249115691897974045e+01 -3.905099999999998772e+01 1.000000000003819167e+02 7.364694714414094179e+00
8.299963744983695335e+01 -3.984999999999998721e+01 9.999999999941381645e+01 7.363831174270756286e+00
8.350805165613914482e+01 -4.064899999999998670e+01 1.000000000013820625e+02 7.362961457259776132e+00
8.401639953752571444e+01 -4.144799999999998619e+01 9.999999999898199121e+01 7.362085487900227321e+00
8.452468109420023268e+01 -4.224699999999998568e+01 1.000000000003038139e+02 7.361203211734975937e+00
8.503289632627107153e+01 -4.304599999999998516e+01 1.000000000001446807e+02 7.360314579603390861e+00
8.554104523360553003e+01 -4.384499999999998465e+01 9.999999999967320718e+01 7.359419520412598281e+00
8.604912781605159466e+01 -4.464399999999998414e+01 9.999999999922658844e+01 7.358517961876242630e+00
8.655714407379640818e+01 -4.544299999999998363e+01 9.999999999615828017e+01 7.357609855240585972e+00
8.706509400674572419e+01 -4.624199999999998312e+01 9.999999999912778037e+01 7.356695122766039319e+00
8.757297761506474387e+01 -4.704099999999998261e+01 1.000000000002853113e+02 7.355773718000975236e+00
8.808079489854726774e+01 -4.783999999999998209e+01 1.000000000003939817e+02 7.354845561237894458e+00
8.858854585740144216e+01 -4.863899999999998158e+01 9.999999999740374790e+01 7.353910601874479092e+00
8.909623049129096728e+01 -4.943799999999998107e+01 1.000000000018035422e+02 7.352968740967694039e+00
8.960384880055202927e+01 -5.023699999999998056e+01 1.000000000001334541e+02 7.352019945359236530e+00
9.011140078497297168e+01 -5.103599999999998005e+01 9.999999999851601729e+01 7.351064126800379128e+00
9.061888644466858977e+01 -5.183499999999997954e+01 1.000000000003874874e+02 7.350101220118669509e+00
9.112630577975139090e+01 -5.263399999999997902e+01 9.999999999842009402e+01 7.349131169496446070e+00
9.163365879005813497e+01 -5.343299999999997851e+01 1.000000000001144542e+02 7.348153885698526899e+00
9.214094547546949343e+01 -5.423199999999997800e+01 1.000000000011639116e+02 7.347169292311056310e+00
9.264816583644385162e+01 -5.503099999999997749e+01 1.000000000007090506e+02 7.346177348782675587e+00
9.315531987247972268e+01 -5.582999999999997698e+01 1.000000000012640697e+02 7.345177944015978788e+00
9.366240758365398733e+01 -5.662899999999997647e+01 9.999999999947047513e+01 7.344171011411572358e+00
9.416942897017599989e+01 -5.742799999999997596e+01 9.999999999975024423e+01 7.343156485937683442e+00
9.467638403199136121e+01 -5.822699999999997544e+01 9.999999999884028057e+01 7.342134289899500565e+00
9.518327276908522094e+01 -5.902599999999997493e+01 1.000000000001007123e+02 7.341104341368176023e+00
9.569009518137139025e+01 -5.982499999999997442e+01 9.999999999720525068e+01 7.340066561408209900e+00
9.619685126896283123e+01 -6.062399999999997391e+01 1.000000000019644659e+02 7.339020867346504495e+00
9.670354103158516068e+01 -6.142299999999997340e+01 1.000000000003558398e+02 7.337967171675622069e+00
9.721016446968403102e+01 -6.222199999999997289e+01 9.999999999927153738e+01 7.336905418149738622e+00
9.771672158299061550e+01 -6.302099999999997237e+01 1.000000000009610801e+02 7.335835502725967849e+00
9.822321237152326034e+01 -6.381999999999997186e+01 1.000000000003541629e+02 7.334757347255215443e+00
9.872963683519928679e+01 -6.461899999999997135e+01 1.000000000005341434e+02 7.333670857899819318e+00
