3.492056975042299600e+05 -6.516520084883213215e+00 9.999999999917450566e+01 7.604403229419124166e+00
3.493924415349462070e+05 -5.771409143939787612e+01 1.000000000006339889e+02 7.604399046249548988e+00
3.495789067902247771e+05 -1.089116627939125550e+02 9.999999999955700503e+01 7.604394844433893574e+00
3.497650932703063008e+05 -1.601092341484272197e+02 1.000000000027242777e+02 7.604390628281623599e+00
3.499510009745819261e+05 -2.113068055029418986e+02 1.000000000007787548e+02 7.604386380158007164e+00
3.501366299034979893e+05 -2.625043768574565206e+02 9.999999999952505902e+01 7.604382111736362582e+00
3.503219800573125249e+05 -3.137019482119711711e+02 1.000000000009684982e+02 7.604377831559006928e+00
3.505070514354346087e+05 -3.648995195664858784e+02 1.000000000009328289e+02 7.604373523356693809e+00
3.506918440381397377e+05 -4.160970909210005289e+02 9.999999999982424015e+01 7.604369192266249300e+00
3.508763578653555014e+05 -4.672946622755151793e+02 9.999999999965179143e+01 7.604364836579464715e+00
3.510605929174623452e+05 -5.184922336300298866e+02 1.000000000012704220e+02 7.604360471734121774e+00
3.512445491937470506e+05 -5.696898049845444802e+02 1.000000000007327685e+02 7.604356067713846201e+00
3.514282266945565934e+05 -6.208873763390591876e+02 1.000000000018456063e+02 7.604351640271075574e+00
3.516116254202673445e+05 -6.720849476935738949e+02 1.000000000021738202e+02 7.604347202694153651e+00
3.517947453701966442e+05 -7.232825190480884885e+02 9.999999999998065903e+01 7.604342730877384327e+00
3.519775865448683617e+05 -7.744800904026031958e+02 1.000000000006957208e+02 7.604338239358789941e+00
3.521601489442659658e+05 -8.256776617571179031e+02 9.999999999994275868e+01 7.604333734159397729e+00
3.523424325680714101e+05 -8.768752331116324967e+02 9.999999999975892706e+01 7.604329196372901833e+00
3.525244374163491884e+05 -9.280728044661472040e+02 9.999999999888498792e+01 7.604324633649908627e+00
3.527061634893523878e+05 -9.792703758206619113e+02 1.000000000005190799e+02 7.604320049513460411e+00
3.528876107866835664e+05 -1.030467947175176505e+03 9.999999999889590185e+01 7.604315434379738115e+00
3.530687793087088503e+05 -1.081665518529691326e+03 1.000000000002235367e+02 7.604310798605125932e+00
3.532496690552752698e+05 -1.132863089884205920e+03 1.000000000004420571e+02 7.604306138585088526e+00
3.534302800265327096e+05 -1.184060661238720741e+03 9.999999999975626963e+01 7.604301458676664183e+00
3.536106122223141138e+05 -1.235258232593235334e+03 1.000000000016444517e+02 7.604296751178997837e+00
3.537906656423943932e+05 -1.286455803947749928e+03 9.999999999997240252e+01 7.604292008350277854e+00
3.539704402874246007e+05 -1.337653375302264749e+03 9.999999999862886568e+01 7.604287258296229979e+00
3.541499361566065345e+05 -1.388850946656779342e+03 1.000000000003416716e+02 7.604282460024049506e+00
3.543291532509197132e+05 -1.440048518011293936e+03 1.000000000012241941e+02 7.604277663816281674e+00
3.545080915693104034e+05 -1.491246089365808530e+03 1.000000000002174119e+02 7.604272820877584493e+00
3.546867511125186575e+05 -1.542443660720323351e+03 1.000000000018220021e+02 7.604267960743638533e+00
3.548651318800834706e+05 -1.593641232074838172e+03 9.999999999979488052e+01 7.604263068564290684e+00
3.550432338721238193e+05 -1.644838803429352765e+03 1.000000000007564012e+02 7.604258142585195834e+00
3.552210570891273674e+05 -1.696036374783867132e+03 9.999999999822297525e+01 7.604253211489296227e+00
3.553986015303028980e+05 -1.747233946138381953e+03 1.000000000023159288e+02 7.604248228862585002e+00
3.555758671962869121e+05 -1.798431517492896774e+03 1.000000000013175878e+02 7.604243235498955755e+00
3.557528540867565898e+05 -1.849629088847411367e+03 1.000000000013219790e+02 7.604238209501601453e+00
3.559295622016990092e+05 -1.900826660201925961e+03 9.999999999902541958e+01 7.604233153680034718e+00
3.561059915413955459e+05 -1.952024231556440782e+03 1.000000000005837819e+02 7.604228076720012552e+00
3.562821421055028914e+05 -2.003221802910955375e+03 9.999999999946111018e+01 7.604222964921137695e+00
3.564580138942819904e+05 -2.054419374265470196e+03 1.000000000010168293e+02 7.604217829507164517e+00
3.566336069076035055e+05 -2.105616945619984563e+03 1.000000000008740386e+02 7.604212664827238122e+00
3.568089211454294855e+05 -2.156814516974498929e+03 9.999999999735126721e+01 7.604207471474214941e+00
3.569839566079328069e+05 -2.208012088329014205e+03 9.999999999935373296e+01 7.604202250211824499e+00
3.571587132945836638e+05 -2.259209659683528571e+03 9.999999999852890653e+01 7.604196981849575820e+00
3.573331912063149503e+05 -2.310407231038043392e+03 1.000000000020701094e+02 7.604191705271470703e+00
3.575073903422451694e+05 -2.361604802392558213e+03 1.000000000008198100e+02 7.604186385175880858e+00
3.576813107033215347e+05 -2.412802373747073034e+03 9.999999999992265032e+01 7.604181063456254108e+00
3.578549522882952588e+05 -2.463999945101587400e+03 1.000000000000603819e+02 7.604175677645896414e+00
3.580283150981109357e+05 -2.515197516456101766e+03 1.000000000007362502e+02 7.604170274878248037e+00
3.582013991324870731e+05 -2.566395087810616587e+03 1.000000000009139427e+02 7.604164841092492466e+00
3.583742043915017857e+05 -2.617592659165131408e+03 9.999999999996856559e+01 7.604159382111842724e+00
3.585467308748498908e+05 -2.668790230519646229e+03 9.999999999965459097e+01 7.604153879223679802e+00
3.587189785828742315e+05 -2.719987801874160596e+03 9.999999999929615058e+01 7.604148350471275464e+00
3.588909475154929096e+05 -2.771185373228675417e+03 1.000000000003907985e+02 7.604142789991033879e+00
3.590626376726987073e+05 -2.822382944583190238e+03 9.999999999967310771e+01 7.604137201238313715e+00
3.592340490544812055e+05 -2.873580515937704604e+03 9.999999999903384662e+01 7.604131580808031643e+00
3.594051816606815555e+05 -2.924778087292219425e+03 9.999999999925776706e+01 7.604125918972646225e+00
3.595760354916678043e+05 -2.975975658646733791e+03 1.000000000005395719e+02 7.604120234308640924e+00
3.597466105471318006e+05 -3.027173230001248612e+03 9.999999999895028679e+01 7.604114514610584408e+00
3.599169068270435091e+05 -3.078370801355763433e+03 1.000000000003003322e+02 7.604108754015058480e+00
3.600869243315837812e+05 -3.129568372710277799e+03 9.999999999995263522e+01 7.604102964443910651e+00
3.602566630608366686e+05 -3.180765944064793075e+03 1.000000000024732998e+02 7.604097146086850501e+00
3.604261230143730645e+05 -3.231963515419307441e+03 1.000000000008955254e+02 7.604091281920632106e+00
3.605953041927584563e+05 -3.283161086773822262e+03 1.000000000012984316e+02 7.604085397061191465e+00
3.607642065954013378e+05 -3.334358658128336629e+03 9.999999999893088898e+01 7.604079463762802860e+00
3.609328302228417597e+05 -3.385556229482850995e+03 9.999999999966509279e+01 7.604073503796127120e+00
3.611011750745698228e+05 -3.436753800837366271e+03 9.999999999929389105e+01 7.604067495982007152e+00
3.612692411512170802e+05 -3.487951372191880637e+03 9.999999999753943314e+01 7.604061472359999740e+00
3.614370284521362046e+05 -3.539148943546395458e+03 1.000000000002184066e+02 7.604055393236598626e+00
3.616045369778696331e+05 -3.590346514900910279e+03 1.000000000004009308e+02 7.604049293195560999e+00
3.617717667280833120e+05 -3.641544086255424645e+03 1.000000000004580301e+02 7.604043151683272050e+00
3.619387177026827703e+05 -3.692741657609939466e+03 1.000000000007222809e+02 7.604036964145422850e+00
3.621053899019056116e+05 -3.743939228964453832e+03 9.999999999930456340e+01 7.604030743292867101e+00
3.622717833259503241e+05 -3.795136800318968653e+03 9.999999999946844298e+01 7.604024498635434171e+00
3.624378979742627125e+05 -3.846334371673483474e+03 1.000000000008105872e+02 7.604018198407261231e+00
3.626037338470631512e+05 -3.897531943027997841e+03 9.999999999847463528e+01 7.604011858447400130e+00
3.627692909447745187e+05 -3.948729514382512662e+03 1.000000000000854641e+02 7.604005495968765516e+00
3.629345692668904667e+05 -3.999927085737027483e+03 1.000000000002675904e+02 7.603999086900567583e+00
3.630995688136424869e+05 -4.051124657091542304e+03 9.999999999927904071e+01 7.603992643185358169e+00
3.632642895847969339e+05 -4.102322228446057125e+03 9.999999999970980014e+01 7.603986150228936758e+00
3.634287315805657418e+05 -4.153519799800571491e+03 9.999999999951631935e+01 7.603979620446745358e+00
3.635928948011629400e+05 -4.204717371155084948e+03 9.999999999998445332e+01 7.603973064700738860e+00
3.637567792459947523e+05 -4.255914942509600223e+03 9.999999999812165186e+01 7.603966452504510087e+00
3.639203849154278869e+05 -4.307112513864114590e+03 9.999999999966155428e+01 7.603959796245303160e+00
3.640837118093363824e+05 -4.358310085218629865e+03 1.000000000017669350e+02 7.603953094061458806e+00
3.642467599280241993e+05 -4.409507656573144232e+03 1.000000000017288357e+02 7.603946364009087411e+00
3.644095292712282971e+05 -4.460705227927658598e+03 1.000000000002829523e+02 7.603939591720878077e+00
3.645720198390470468e+05 -4.511902799282173874e+03 9.999999999992188293e+01 7.603932778543498472e+00
3.647342316313596675e+05 -4.563100370636688240e+03 9.999999999870799172e+01 7.603925918147856677e+00
3.648961646482497454e+05 -4.614297941991202606e+03 9.999999999935904782e+01 7.603919014151755640e+00
3.650578188896951033e+05 -4.665495513345717882e+03 9.999999999878207291e+01 7.603912066592153352e+00
3.652191943555077305e+05 -4.716693084700233157e+03 9.999999999705347875e+01 7.603905064424814952e+00
3.653802910461091087e+05 -4.767890656054746614e+03 1.000000000003400089e+02 7.603898025976670638e+00
3.655411089612801443e+05 -4.819088227409261890e+03 1.000000000004422702e+02 7.603890947640777220e+00
3.657016481008725823e+05 -4.870285798763776256e+03 1.000000000017891466e+02 7.603883812857953117e+00
3.658619084651542362e+05 -4.921483370118290622e+03 1.000000000030162965e+02 7.603876639385322100e+00
3.660218900537660229e+05 -4.972680941472805898e+03 9.999999999890383151e+01 7.603869411075335094e+00
3.661815928673489834e+05 -5.023878512827320264e+03 9.999999999924993688e+01 7.603862158320415787e+00
3.663410169052066049e+05 -5.075076084181834631e+03 1.000000000012656898e+02 7.603854836624797109e+00
3.665001621677564690e+05 -5.126273655536348997e+03 1.000000000004509531e+02 7.603847480421772609e+00
3.666590286548361182e+05 -5.177471226890864273e+03 1.000000000010124239e+02 7.603840071135283374e+00
3.668176163663082989e+05 -5.228668798245379548e+03 1.000000000003312124e+02 7.603832604619960023e+00
3.669759253025768558e+05 -5.279866369599893005e+03 9.999999999789544347e+01 7.603825104581036776e+00
3.671339554633458611e+05 -5.331063940954408281e+03 1.000000000008772645e+02 7.603817547137729171e+00
3.672917068486850476e+05 -5.382261512308923557e+03 9.999999999990868105e+01 7.603809944141628918e+00
3.674491794585449970e+05 -5.433459083663437013e+03 1.000000000028023805e+02 7.603802284175841919e+00
3.676063732929194230e+05 -5.484656655017952289e+03 9.999999999995581845e+01 7.603794575458481475e+00
3.677632883518899325e+05 -5.535854226372467565e+03 9.999999999991261745e+01 7.603786815363354989e+00
3.679199246355156647e+05 -5.587051797726981931e+03 1.000000000001955840e+02 7.603779009094354002e+00
3.680762821435900405e+05 -5.638249369081496297e+03 1.000000000029928344e+02 7.603771140521728533e+00
3.682323608761452488e+05 -5.689446940436010664e+03 1.000000000009717525e+02 7.603763218310372274e+00
3.683881608332690084e+05 -5.740644511790525939e+03 9.999999999310308851e+01 7.603755249077885026e+00
3.685436820153024746e+05 -5.791842083145040306e+03 9.999999999988095567e+01 7.603747234780434461e+00
3.686989244216204388e+05 -5.843039654499554672e+03 9.999999999969763564e+01 7.603739153776351678e+00
3.688538880527696456e+05 -5.894237225854069948e+03 1.000000000019221744e+02 7.603731034898647323e+00
3.690085729080981691e+05 -5.945434797208583404e+03 1.000000000006108110e+02 7.603722837734095741e+00
3.691629789882180048e+05 -5.996632368563098680e+03 9.999999999955822716e+01 7.603714599516161243e+00
3.693171062927840394e+05 -6.047829939917613956e+03 9.999999999989714183e+01 7.603706296754805471e+00
3.694709548220105935e+05 -6.099027511272128322e+03 9.999999999880708401e+01 7.603697943544680982e+00
3.696245245755586075e+05 -6.150225082626642688e+03 9.999999999815651108e+01 7.603689515449402414e+00
3.697778155539566069e+05 -6.201422653981157964e+03 1.000000000004426539e+02 7.603681047376806390e+00
3.699308277569134953e+05 -6.252620225335672330e+03 9.999999999786413696e+01 7.603672523805413697e+00
3.700835611842663493e+05 -6.303817796690186697e+03 9.999999999988942534e+01 7.603663926774923532e+00
3.702360158362467191e+05 -6.355015368044701972e+03 9.999999999946034279e+01 7.603655274948742715e+00
3.703881917128984351e+05 -6.406212939399216339e+03 9.999999999809806184e+01 7.603646571759410833e+00
3.705400888141111354e+05 -6.457410510753731614e+03 9.999999999947418416e+01 7.603637804576551140e+00
3.706917071397109539e+05 -6.508608082108245071e+03 1.000000000008880789e+02 7.603628963690709064e+00
3.708430466898489976e+05 -6.559805653462760347e+03 9.999999999997343991e+01 7.603620060192326946e+00
3.709941074647493078e+05 -6.611003224817275623e+03 9.999999999883337409e+01 7.603611108614734881e+00
3.711448894640918588e+05 -6.662200796171789079e+03 9.999999999881144674e+01 7.603602083343194984e+00
3.712953926880402723e+05 -6.713398367526304355e+03 9.999999999924696681e+01 7.603592997016799693e+00
3.714456171364550828e+05 -6.764595938880818721e+03 1.000000000006063345e+02 7.603583837006210544e+00
3.715955628096092842e+05 -6.815793510235333997e+03 9.999999999999840838e+01 7.603574627599157587e+00
3.717452297072475194e+05 -6.866991081589848363e+03 1.000000000009804779e+02 7.603565342893525703e+00
3.718946178293793346e+05 -6.918188652944362730e+03 9.999999999837426401e+01 7.603555989654245728e+00
3.720437271762101445e+05 -6.969386224298878005e+03 1.000000000021754403e+02 7.603546573913536832e+00
3.721925577474550228e+05 -7.020583795653392372e+03 9.999999999988433785e+01 7.603537083489962711e+00
3.723411095432889415e+05 -7.071781367007906738e+03 9.999999999896535030e+01 7.603527525619568017e+00
3.724893825639238930e+05 -7.122978938362422014e+03 1.000000000029128415e+02 7.603517910357799892e+00
3.726373768087319913e+05 -7.174176509716936380e+03 1.000000000003131788e+02 7.603508202158758778e+00
3.727850922783988644e+05 -7.225374081071450746e+03 1.000000000005675531e+02 7.603498441505684546e+00
3.729325289725068142e+05 -7.276571652425966022e+03 1.000000000005393872e+02 7.603488601102513122e+00
3.730796868912164355e+05 -7.327769223780480388e+03 1.000000000013174457e+02 7.603478688775362038e+00
3.732265660344843054e+05 -7.378966795134994754e+03 9.999999999840146359e+01 7.603468706479766581e+00
3.733731664022176992e+05 -7.430164366489510030e+03 1.000000000001013376e+02 7.603458639257627105e+00
3.735194879945899593e+05 -7.481361937844024396e+03 9.999999999937287498e+01 7.603448503616668575e+00
3.736655308114342042e+05 -7.532559509198538763e+03 1.000000000002831229e+02 7.603438283170675938e+00
3.738112948530559079e+05 -7.583757080553053129e+03 9.999999999815949536e+01 7.603428006147977314e+00
3.739567801191332983e+05 -7.634954651907568405e+03 9.999999999981650944e+01 7.603417640156981960e+00
3.741019866096401820e+05 -7.686152223262083680e+03 1.000000000009851533e+02 7.603407184790945017e+00
3.742469143249880290e+05 -7.737349794616597137e+03 9.999999999996965983e+01 7.603396675358863988e+00
3.743915632647339953e+05 -7.788547365971112413e+03 1.000000000009410286e+02 7.603386070127867491e+00
3.745359334290286642e+05 -7.839744937325627689e+03 1.000000000017776216e+02 7.603375383035756663e+00
3.746800248179197661e+05 -7.890942508680141145e+03 1.000000000009254251e+02 7.603364618293749544e+00
3.748238374313060194e+05 -7.942140080034656421e+03 1.000000000000240021e+02 7.603353765316107626e+00
3.749673712693531415e+05 -7.993337651389171697e+03 9.999999999871538137e+01 7.603342837705564072e+00
3.751106263319458230e+05 -8.044535222743685154e+03 1.000000000005547207e+02 7.603331820345743175e+00
3.752536026190738194e+05 -8.095732794098200429e+03 9.999999999909118742e+01 7.603320718465176320e+00
3.753963001307041268e+05 -8.146930365452714796e+03 1.000000000007327401e+02 7.603309521665307713e+00
3.755387188670032192e+05 -8.198127936807230071e+03 9.999999999977106313e+01 7.603298248947779392e+00
3.756808588276094524e+05 -8.249325508161744438e+03 1.000000000031747618e+02 7.603286862562245396e+00
3.758227200130242272e+05 -8.300523079516258804e+03 9.999999999944564877e+01 7.603275413990807863e+00
3.759643024231611635e+05 -8.351720650870773170e+03 9.999999999783055671e+01 7.603263886284135076e+00
3.761056060576005839e+05 -8.402918222225287536e+03 9.999999999971728926e+01 7.603252241759478558e+00
3.762466309165933053e+05 -8.454115793579803722e+03 1.000000000007290453e+02 7.603240504993298288e+00
3.763873770003952668e+05 -8.505313364934318088e+03 9.999999999906626158e+01 7.603228698519349571e+00
3.765278443085168255e+05 -8.556510936288832454e+03 1.000000000003596909e+02 7.603216773566361830e+00
3.766680328412657836e+05 -8.607708507643346820e+03 1.000000000009006556e+02 7.603204758745918390e+00
3.768079425985307898e+05 -8.658906078997861187e+03 1.000000000008789840e+02 7.603192643583053467e+00
3.769475735804017168e+05 -8.710103650352375553e+03 1.000000000004510952e+02 7.603180435334057741e+00
3.770869257867386332e+05 -8.761301221706891738e+03 9.999999999527673822e+01 7.603168122665175055e+00
3.772259992178977118e+05 -8.812498793061406104e+03 1.000000000015377424e+02 7.603155723651494391e+00
3.773647938733767369e+05 -8.863696364415920470e+03 1.000000000000822382e+02 7.603143207557421235e+00
3.775033097536129062e+05 -8.914893935770434837e+03 1.000000000038731969e+02 7.603130603009943478e+00
3.776415468583616312e+05 -8.966091507124949203e+03 9.999999999771897308e+01 7.603117898409625042e+00
3.777795051875576610e+05 -9.017289078479463569e+03 1.000000000005691589e+02 7.603105070139510424e+00
3.779171847413593787e+05 -9.068486649833979754e+03 9.999999999876381196e+01 7.603092143762484767e+00
3.780545855197617784e+05 -9.119684221188494121e+03 9.999999999748834512e+01 7.603079112706859100e+00
3.781917075227153255e+05 -9.170881792543006668e+03 1.000000000001724629e+02 7.603065968981384870e+00
3.783285507501793909e+05 -9.222079363897522853e+03 1.000000000011354047e+02 7.603052711027432409e+00
3.784651152022352908e+05 -9.273276935252037219e+03 1.000000000002746532e+02 7.603039346094386808e+00
3.786014008788901265e+05 -9.324474506606553405e+03 9.999999999848012067e+01 7.603025873541344737e+00
3.787374077802090906e+05 -9.375672077961067771e+03 9.999999999955844032e+01 7.603012294539913007e+00
3.788731359057986992e+05 -9.426869649315582137e+03 9.999999999907039694e+01 7.602998571499649749e+00
3.790085852562225773e+05 -9.478067220670096503e+03 1.000000000026155220e+02 7.602984756191376370e+00
3.791437558311139001e+05 -9.529264792024610870e+03 9.999999999769302406e+01 7.602970820406770969e+00
3.792786476305329124e+05 -9.580462363379125236e+03 1.000000000002582254e+02 7.602956754427039776e+00
3.794132606544711161e+05 -9.631659934733641421e+03 1.000000000008730012e+02 7.602942564354711941e+00
3.795475949031065102e+05 -9.682857506088155787e+03 1.000000000009495977e+02 7.602928265733575053e+00
3.796816503762736684e+05 -9.734055077442668335e+03 1.000000000004575327e+02 7.602913841430464892e+00
3.798154270740050124e+05 -9.785252648797184520e+03 9.999999999748652613e+01 7.602899292994295344e+00
3.799489249961603200e+05 -9.836450220151698886e+03 9.999999999971986142e+01 7.602884597828370339e+00
3.800821441429805127e+05 -9.887647791506213252e+03 1.000000000005794334e+02 7.602869786197166135e+00
3.802150845143154729e+05 -9.938845362860729438e+03 1.000000000002268479e+02 7.602854839992564173e+00
3.803477461103927926e+05 -9.990042934215241985e+03 1.000000000010653736e+02 7.602839780312777407e+00
3.804801289308873238e+05 -1.004124050556975817e+04 9.999999999996173017e+01 7.602824572302779416e+00
3.806122329759910936e+05 -1.009243807692427254e+04 1.000000000019433060e+02 7.602809231598488537e+00
3.807440582455915282e+05 -1.014363564827878690e+04 9.999999999982480858e+01 7.602793750376933168e+00
3.808756047398024239e+05 -1.019483321963330309e+04 9.999999999916904869e+01 7.602778134263798115e+00
3.810068724585835007e+05 -1.024603079098781564e+04 1.000000000009581953e+02 7.602762374843337945e+00
3.811378614018766675e+05 -1.029722836234233000e+04 1.000000000027669103e+02 7.602746468370379596e+00
3.812685715698107961e+05 -1.034842593369684619e+04 1.000000000000465690e+02 7.602730430009563278e+00
3.813990029622658622e+05 -1.039962350505136055e+04 9.999999999871306500e+01 7.602714240170018734e+00
3.815291555792363361e+05 -1.045082107640587492e+04 1.000000000008822383e+02 7.602697892787981360e+00
3.816590294208262931e+05 -1.050201864776039110e+04 1.000000000004535821e+02 7.602681404713467650e+00
3.817886244869647780e+05 -1.055321621911490365e+04 9.999999999885163504e+01 7.602664763832422068e+00
3.819179407776443404e+05 -1.060441379046941802e+04 1.000000000010076349e+02 7.602647962778309676e+00
3.820469782929025823e+05 -1.065561136182393420e+04 9.999999999847760535e+01 7.602631012290047785e+00
3.821757370326359523e+05 -1.070680893317844857e+04 9.999999999529926242e+01 7.602613893705221670e+00
3.823042169971524272e+05 -1.075800650453296294e+04 9.999999999860148137e+01 7.602596635732196795e+00
3.824324181861164980e+05 -1.080920407588747730e+04 1.000000000008147083e+02 7.602579202114212897e+00
3.825603405996303773e+05 -1.086040164724199167e+04 9.999999999930358285e+01 7.602561605920381993e+00
3.826879842376548913e+05 -1.091159921859650785e+04 1.000000000027333158e+02 7.602543832201195784e+00
3.828153491002970841e+05 -1.096279678995102222e+04 9.999999999764344238e+01 7.602525904274788360e+00
3.829424351875680732e+05 -1.101399436130553659e+04 9.999999999870125578e+01 7.602507808075166018e+00
3.830692424993556924e+05 -1.106519193266005277e+04 9.999999999998092903e+01 7.602489531631154485e+00
3.831957710357387550e+05 -1.111638950401456532e+04 1.000000000001313367e+02 7.602471085267976214e+00
3.833220207964422880e+05 -1.116758707536907968e+04 9.999999999743189960e+01 7.602452431374824293e+00
3.834479917820010451e+05 -1.121878464672359587e+04 1.000000000001301572e+02 7.602433629365380696e+00
3.835736839920525672e+05 -1.126998221807811024e+04 1.000000000012313279e+02 7.602414637300632272e+00
3.836990974264981342e+05 -1.132117978943262460e+04 9.999999999598958311e+01 7.602395442852393437e+00
3.838242320857397863e+05 -1.137237736078713897e+04 9.999999999942944839e+01 7.602376083107130533e+00
3.839490879694745527e+05 -1.142357493214165333e+04 1.000000000001427338e+02 7.602356525274033494e+00
3.840736650777331088e+05 -1.147477250349616770e+04 1.000000000007153176e+02 7.602336768096488839e+00
3.841979634105605655e+05 -1.152597007485068389e+04 9.999999999961575270e+01 7.602316817221792533e+00
3.843219829679088434e+05 -1.157716764620519825e+04 9.999999999959096897e+01 7.602296661448329829e+00
3.844457237499313196e+05 -1.162836521755971080e+04 9.999999999973684339e+01 7.602276317210740153e+00
3.845691857564924285e+05 -1.167956278891422699e+04 1.000000000003374367e+02 7.602255765338456150e+00
3.846923689875276759e+05 -1.173076036026874135e+04 1.000000000001248139e+02 7.602234993821258335e+00
3.848152734431054560e+05 -1.178195793162325754e+04 9.999999999893945812e+01 7.602214009816555595e+00
3.849378991233657580e+05 -1.183315550297777190e+04 9.999999999961653430e+01 7.602192826625485900e+00
3.850602460281211534e+05 -1.188435307433228445e+04 9.999999999812006024e+01 7.602171419031987121e+00
3.851823141574448091e+05 -1.193555064568680064e+04 1.000000000016214443e+02 7.602149787607175746e+00
3.853041035114031984e+05 -1.198674821704131500e+04 9.999999999957439911e+01 7.602127948132985757e+00
3.854256140899655875e+05 -1.203794578839582937e+04 1.000000000043192045e+02 7.602105882523266800e+00
3.855468458928830805e+05 -1.208914335975034555e+04 1.000000000024410269e+02 7.602083562725437282e+00
3.856677989204640035e+05 -1.214034093110485992e+04 1.000000000019366553e+02 7.602061022212855512e+00
3.857884731725711026e+05 -1.219153850245937247e+04 9.999999999914987825e+01 7.602038242507838994e+00
3.859088686493866262e+05 -1.224273607381388865e+04 1.000000000055116089e+02 7.602015235451859532e+00
3.860289853505718056e+05 -1.229393364516840302e+04 9.999999999995640110e+01 7.601991966119755695e+00
3.861488232763507986e+05 -1.234513121652291738e+04 9.999999999698765407e+01 7.601968451474387045e+00
3.862683824267944437e+05 -1.239632878787743357e+04 1.000000000004508820e+02 7.601944695013849618e+00
3.863876628018235206e+05 -1.244752635923194612e+04 1.000000000005327365e+02 7.601920690957612692e+00
3.865066644013142213e+05 -1.249872393058646048e+04 1.000000000012222898e+02 7.601896410877072796e+00
3.866253872254008311e+05 -1.254992150194097667e+04 1.000000000004196608e+02 7.601871874824590591e+00
3.867438312740745605e+05 -1.260111907329549103e+04 1.000000000015112249e+02 7.601847073712447944e+00
3.868619965472961194e+05 -1.265231664465000722e+04 1.000000000005752270e+02 7.601822001049755251e+00
3.869798830449982779e+05 -1.270351421600452159e+04 1.000000000004499725e+02 7.601796639171008785e+00
3.870974907673983253e+05 -1.275471178735903413e+04 1.000000000004381775e+02 7.601771019022898201e+00
3.872148197141795536e+05 -1.280590935871355032e+04 9.999999999978149390e+01 7.601745086047605682e+00
3.873318698857756681e+05 -1.285710693006806468e+04 1.000000000001084288e+02 7.601718905105382618e+00
3.874486412817079108e+05 -1.290830450142257905e+04 9.999999999745678281e+01 7.601692396325149481e+00
3.875651339023560868e+05 -1.295950207277709524e+04 1.000000000021852600e+02 7.601665608721327239e+00
3.876813477474248502e+05 -1.301069964413160778e+04 9.999999999926589567e+01 7.601638501966223593e+00
3.877972828171948204e+05 -1.306189721548612215e+04 9.999999999823117491e+01 7.601611109288134216e+00
3.879129391114057507e+05 -1.311309478684063833e+04 1.000000000003148699e+02 7.601583381539920303e+00
3.880283166302792379e+05 -1.316429235819515270e+04 9.999999999736321854e+01 7.601555357651524680e+00
3.881434153737574816e+05 -1.321548992954966707e+04 9.999999999928229499e+01 7.601527014969632567e+00
3.882582353417209233e+05 -1.326668750090418143e+04 1.000000000021129836e+02 7.601498330117930635e+00
3.883727765342031489e+05 -1.331788507225869580e+04 1.000000000003973213e+02 7.601469308774163380e+00
3.884870389513060800e+05 -1.336908264361321017e+04 1.000000000020122428e+02 7.601439956434449918e+00
3.886010225929244771e+05 -1.342028021496772635e+04 9.999999999870500744e+01 7.601410255127173166e+00
3.887147274591941386e+05 -1.347147778632224072e+04 9.999999999937544715e+01 7.601380217970121755e+00
3.888281535499130841e+05 -1.352267535767675508e+04 1.000000000042858801e+02 7.601349799601909041e+00
3.889413008653603029e+05 -1.357387292903126945e+04 1.000000000004394707e+02 7.601319059594579208e+00
3.890541694052102393e+05 -1.362507050038578382e+04 9.999999999995931432e+01 7.601287918050957160e+00
3.891667591696465388e+05 -1.367626807174030000e+04 9.999999999951049290e+01 7.601256407339370469e+00
3.892790701586862560e+05 -1.372746564309481437e+04 9.999999999959425168e+01 7.601224524021748863e+00
3.893911023722849786e+05 -1.377866321444932873e+04 1.000000000001514167e+02 7.601192253308176383e+00
3.895028558104768163e+05 -1.382986078580384310e+04 9.999999999763967651e+01 7.601159597842869431e+00
3.896143304732129909e+05 -1.388105835715835747e+04 1.000000000008245706e+02 7.601126533442570832e+00
3.897255263604877982e+05 -1.393225592851287183e+04 1.000000000014274093e+02 7.601093060446936001e+00
3.898364434722788283e+05 -1.398345349986738802e+04 1.000000000020506690e+02 7.601059163738677960e+00
3.899470818087420776e+05 -1.403465107122190238e+04 9.999999999900484227e+01 7.601024871038116082e+00
3.900574413697262062e+05 -1.408584864257641493e+04 1.000000000008461427e+02 7.600990137256371071e+00
3.901675221552017611e+05 -1.413704621393093112e+04 9.999999999918696858e+01 7.600954955942934355e+00
3.902773241652832367e+05 -1.418824378528544548e+04 9.999999999729740807e+01 7.600919339120818741e+00
3.903868473999613780e+05 -1.423944135663995985e+04 1.000000000015508732e+02 7.600883272557723558e+00
3.904960918591473019e+05 -1.429063892799447603e+04 9.999999999979439735e+01 7.600846739317780987e+00
3.906050575429531746e+05 -1.434183649934899040e+04 9.999999999981758947e+01 7.600809749692869488e+00
3.907137444513597875e+05 -1.439303407070350477e+04 1.000000000011873880e+02 7.600772289891309264e+00
3.908221525842495030e+05 -1.444423164205801913e+04 9.999999999835449671e+01 7.600734331982470060e+00
3.909302819417099818e+05 -1.449542921341253350e+04 9.999999999840055409e+01 7.600695878135860006e+00
3.910381325237167766e+05 -1.454662678476704968e+04 9.999999999975476328e+01 7.600656916450934553e+00
3.911457043302850798e+05 -1.459782435612156405e+04 9.999999999793270433e+01 7.600617444950252377e+00
3.912529973614911432e+05 -1.464902192747607660e+04 1.000000000003278728e+02 7.600577464791057558e+00
3.913600116171795526e+05 -1.470021949883059278e+04 1.000000000025150513e+02 7.600536934078755635e+00
3.914667470974870957e+05 -1.475141707018510715e+04 1.000000000008873400e+02 7.600495878621161161e+00
3.915732038022762863e+05 -1.480261464153962152e+04 9.999999999584977672e+01 7.600454255175264962e+00
3.916793817317843786e+05 -1.485381221289413770e+04 9.999999999902301795e+01 7.600412098799170124e+00
3.917852808857225464e+05 -1.490500978424865025e+04 9.999999999984213161e+01 7.600369339427377469e+00
3.918909012642653543e+05 -1.495620735560316461e+04 1.000000000025223699e+02 7.600326005340185098e+00
3.919962428674018010e+05 -1.500740492695768080e+04 1.000000000028013147e+02 7.600282085090744211e+00
3.921013056950057507e+05 -1.505860249831219517e+04 9.999999999895480585e+01 7.600237538425139938e+00
3.922060897472582874e+05 -1.510980006966670953e+04 9.999999999984196108e+01 7.600192390124444586e+00
3.923105950240531238e+05 -1.516099764102122390e+04 9.999999999966102848e+01 7.600146606984366393e+00
3.924148215254148236e+05 -1.521219521237573827e+04 1.000000000018881110e+02 7.600100179183646887e+00
3.925187692512542708e+05 -1.526339278373025445e+04 9.999999999906926007e+01 7.600053078886488400e+00
3.926224382017584285e+05 -1.531459035508476882e+04 9.999999999883688417e+01 7.600005332877980635e+00
3.927258283767990069e+05 -1.536578792643928318e+04 1.000000000002124949e+02 7.599956896456394162e+00
3.928289397764190217e+05 -1.541698549779379937e+04 9.999999999799160832e+01 7.599907772023109409e+00
3.929317724005336640e+05 -1.546818306914831192e+04 1.000000000020253736e+02 7.599857913146241373e+00
3.930343262492786162e+05 -1.551938064050282628e+04 9.999999999904611059e+01 7.599807353958746958e+00
3.931366013225934003e+05 -1.557057821185734247e+04 9.999999999954614793e+01 7.599756054684785767e+00
3.932385976203719620e+05 -1.562177578321185683e+04 9.999999999240823456e+01 7.599703980426748551e+00
3.933403151428455021e+05 -1.567297335456637120e+04 9.999999999915016247e+01 7.599651159803646472e+00
3.934417538898430066e+05 -1.572417092592088557e+04 1.000000000007699157e+02 7.599597547424766120e+00
3.935429138613631367e+05 -1.577536849727539993e+04 9.999999999854502164e+01 7.599543124239166225e+00
3.936437950574689312e+05 -1.582656606862991430e+04 9.999999999901342562e+01 7.599487885274042398e+00
3.937443974781149882e+05 -1.587776363998443048e+04 1.000000000020101396e+02 7.599431800882646471e+00
3.938447211233578855e+05 -1.592896121133894485e+04 9.999999999893881863e+01 7.599374876740278673e+00
3.939447659931803937e+05 -1.598015878269346103e+04 9.999999999849208621e+01 7.599317082798772383e+00
3.940445320874832105e+05 -1.603135635404797358e+04 1.000000000025374192e+02 7.599258367841266626e+00
3.941440194064474781e+05 -1.608255392540248795e+04 1.000000000029319551e+02 7.599198774907327980e+00
3.942432279498928692e+05 -1.613375149675700413e+04 1.000000000018922037e+02 7.599138227401232903e+00
3.943421577179349842e+05 -1.618494906811151850e+04 1.000000000017114132e+02 7.599076737390036307e+00
3.944408087105490267e+05 -1.623614663946603287e+04 1.000000000006023981e+02 7.599014279129821858e+00
3.945391809277376742e+05 -1.628734421082054723e+04 1.000000000002669651e+02 7.598950829972564769e+00
3.946372743694776436e+05 -1.633854178217506160e+04 9.999999999924605731e+01 7.598886361358098362e+00
3.947350890357641038e+05 -1.638973935352957778e+04 9.999999999923225857e+01 7.598820847371593246e+00
3.948326249266098603e+05 -1.644093692488409215e+04 9.999999999951467089e+01 7.598754269679254492e+00
3.949298820420013508e+05 -1.649213449623860652e+04 9.999999999531814865e+01 7.598686602692736436e+00
3.950268603819988202e+05 -1.654333206759312088e+04 9.999999999888807167e+01 7.598617831427032066e+00
3.951235599465678097e+05 -1.659452963894763525e+04 1.000000000015241142e+02 7.598547926490853754e+00
3.952199807356759557e+05 -1.664572721030214962e+04 1.000000000005540528e+02 7.598476854239390121e+00
3.953161227493312326e+05 -1.669692478165666398e+04 9.999999999801869421e+01 7.598404586040778064e+00
3.954119859875586699e+05 -1.674812235301118199e+04 9.999999999876844470e+01 7.598331099117272558e+00
3.955075704503542511e+05 -1.679931992436569635e+04 1.000000000011297487e+02 7.598256365050721328e+00
3.956028761377253686e+05 -1.685051749572021072e+04 9.999999999819320351e+01 7.598180362899594087e+00
3.956979030496478663e+05 -1.690171506707472508e+04 1.000000000001956977e+02 7.598103044407126916e+00
3.957926511861246545e+05 -1.695291263842923945e+04 9.999999999945232787e+01 7.598024385065190067e+00
3.958871205471648136e+05 -1.700411020978375382e+04 9.999999999883958424e+01 7.597944353341802959e+00
3.959813111327910447e+05 -1.705530778113826818e+04 1.000000000004083631e+02 7.597862923557778814e+00
3.960752229429572471e+05 -1.710650535249278619e+04 1.000000000002453220e+02 7.597780045565786899e+00
3.961688559776973561e+05 -1.715770292384729692e+04 9.999999999932565231e+01 7.597695697043456597e+00
3.962622102369780769e+05 -1.720890049520181128e+04 9.999999999687560148e+01 7.597609828518496755e+00
3.963552857208686182e+05 -1.726009806655632929e+04 9.999999999975243270e+01 7.597522423149309923e+00
3.964480824292675243e+05 -1.731129563791084001e+04 1.000000000007102585e+02 7.597433407309457820e+00
3.965406003622532007e+05 -1.736249320926535802e+04 1.000000000019023787e+02 7.597342770385123956e+00
3.966328395198099315e+05 -1.741369078061987238e+04 9.999999999897613634e+01 7.597250468757435371e+00
3.967247999018865521e+05 -1.746488835197438675e+04 9.999999999990382094e+01 7.597156429742903505e+00
3.968164815085817827e+05 -1.751608592332890112e+04 1.000000000021227322e+02 7.597060653415708131e+00
3.969078843398342142e+05 -1.756728349468341548e+04 1.000000000015188988e+02 7.596963071497431663e+00
3.969990083956361632e+05 -1.761848106603792985e+04 9.999999999979115728e+01 7.596863630166411419e+00
3.970898536759957206e+05 -1.766967863739244422e+04 1.000000000001831211e+02 7.596762281865617972e+00
3.971804201809279039e+05 -1.772087620874696222e+04 1.000000000003137046e+02 7.596658984830365391e+00
3.972707079104047152e+05 -1.777207378010147295e+04 9.999999999991996447e+01 7.596553672812336622e+00
3.973607168644562480e+05 -1.782327135145598731e+04 1.000000000007475194e+02 7.596446304428416063e+00
3.974504470430747024e+05 -1.787446892281050532e+04 9.999999999769269721e+01 7.596336823771020264e+00
3.975398984462473891e+05 -1.792566649416501605e+04 9.999999999621911684e+01 7.596225161232949219e+00
3.976290710740069626e+05 -1.797686406551953405e+04 9.999999999868312273e+01 7.596111271355808547e+00
3.977179649262959720e+05 -1.802806163687404842e+04 1.000000000030248373e+02 7.595995063816466164e+00
3.978065800031693070e+05 -1.807925920822855915e+04 9.999999999954852115e+01 7.595876510809446813e+00
3.978949163046005415e+05 -1.813045677958307715e+04 1.000000000026445832e+02 7.595755518566294384e+00
3.979829738305782666e+05 -1.818165435093759152e+04 9.999999999952649432e+01 7.595632022885586920e+00
3.980707525811491651e+05 -1.823285192229210952e+04 1.000000000002918625e+02 7.595505967370384859e+00
3.981582525562616065e+05 -1.828404949364662025e+04 1.000000000005660610e+02 7.595377253016375008e+00
3.982454737559380592e+05 -1.833524706500113462e+04 1.000000000011136621e+02 7.595245814245931371e+00
3.983324161801880691e+05 -1.838644463635565262e+04 1.000000000036483669e+02 7.595111574274497457e+00
3.984190798289601225e+05 -1.843764220771016335e+04 9.999999999557664410e+01 7.594974431613307431e+00
3.985054647023602738e+05 -1.848883977906468135e+04 1.000000000007422756e+02 7.594834338185195932e+00
3.985915708002712927e+05 -1.854003735041919572e+04 1.000000000009554810e+02 7.594691153780703807e+00
3.986773981227753102e+05 -1.859123492177370645e+04 9.999999999639240400e+01 7.594544831063832824e+00
3.987629466698428150e+05 -1.864243249312822445e+04 1.000000000009841443e+02 7.594395244499885678e+00
3.988482164414479630e+05 -1.869363006448273882e+04 1.000000000014766357e+02 7.594242287985875528e+00
3.989332074376271921e+05 -1.874482763583725318e+04 1.000000000000979696e+02 7.594085877811070695e+00
3.990179196583908051e+05 -1.879602520719176755e+04 1.000000000000156604e+02 7.593925907527731667e+00
3.991023531036829809e+05 -1.884722277854628555e+04 1.000000000008610925e+02 7.593762228624827415e+00
3.991865077735597733e+05 -1.889842034990079628e+04 9.999999999973573495e+01 7.593594761306942331e+00
3.992703836679946980e+05 -1.894961792125531065e+04 9.999999999868992973e+01 7.593423363391953451e+00
3.993539807869833312e+05 -1.900081549260982865e+04 1.000000000010210499e+02 7.593247900801032735e+00
3.994372991305463365e+05 -1.905201306396433938e+04 1.000000000004751399e+02 7.593068258901378265e+00
3.995203386986736441e+05 -1.910321063531885738e+04 1.000000000012834107e+02 7.592884288676545523e+00
3.996030994913664181e+05 -1.915440820667337175e+04 9.999999999936072470e+01 7.592695848015818427e+00
3.996855815086053917e+05 -1.920560577802788248e+04 1.000000000002344933e+02 7.592502767897375549e+00
3.997677847504186211e+05 -1.925680334938240048e+04 1.000000000011631016e+02 7.592304913175508929e+00
3.998497092168017989e+05 -1.930800092073691485e+04 9.999999999924246197e+01 7.592102117210971279e+00
3.999313549077318748e+05 -1.935919849209142922e+04 9.999999999982104271e+01 7.591894186500561581e+00
4.000127218232191517e+05 -1.941039606344594358e+04 9.999999999945444529e+01 7.591680951717772352e+00
4.000938099632886006e+05 -1.946159363480045795e+04 9.999999999854949806e+01 7.591462243509533359e+00
4.001746193279271247e+05 -1.951279120615497231e+04 1.000000000007063790e+02 7.591237852495622995e+00
4.002551499171017786e+05 -1.956398877750948668e+04 9.999999999824525787e+01 7.591007554058212037e+00
4.003354017308542388e+05 -1.961518634886400469e+04 9.999999999922155780e+01 7.590771158512507277e+00
4.004153747691680910e+05 -1.966638392021851541e+04 9.999999999875448964e+01 7.590528432879746212e+00
4.004950690320472931e+05 -1.971758149157302978e+04 9.999999999835868891e+01 7.590279142298673953e+00
4.005744845194868394e+05 -1.976877906292754778e+04 9.999999999792738947e+01 7.590023036548773305e+00
4.006536212314840523e+05 -1.981997663428206215e+04 1.000000000002896314e+02 7.589759851227851684e+00
4.007324791680533090e+05 -1.987117420563657652e+04 1.000000000023812987e+02 7.589489331021905372e+00
4.008110583291844232e+05 -1.992237177699109088e+04 1.000000000042668660e+02 7.589211181666262185e+00
4.008893587149009691e+05 -1.997356934834560525e+04 1.000000000062973413e+02 7.588925126582894087e+00
4.009673803251357167e+05 -2.002476691970011962e+04 9.999999999934709649e+01 7.588630796606769202e+00
4.010451231599518214e+05 -2.007596449105463398e+04 9.999999999917790205e+01 7.588327906948146406e+00
4.011225872193336836e+05 -2.012716206240915199e+04 1.000000000000773355e+02 7.588016102058775303e+00
4.011997725032770541e+05 -2.017835963376366271e+04 9.999999999656206739e+01 7.587695018214771991e+00
4.012766790117804194e+05 -2.022955720511817708e+04 9.999999999907268489e+01 7.587364260054614284e+00
4.013533067448575748e+05 -2.028075477647269508e+04 1.000000000021276350e+02 7.587023444484395363e+00
4.014296557024820358e+05 -2.033195234782720581e+04 1.000000000017849402e+02 7.586672119760298649e+00
4.015057258846804616e+05 -2.038314991918172382e+04 9.999999999724526845e+01 7.586309868012915736e+00
4.015815172914465657e+05 -2.043434749053623818e+04 9.999999999985881516e+01 7.585936199071660724e+00
4.016570299227667856e+05 -2.048554506189074891e+04 1.000000000026085019e+02 7.585550605153236425e+00
4.017322637786571286e+05 -2.053674263324526692e+04 1.000000000032651997e+02 7.585152578694320802e+00
4.018072188590996666e+05 -2.058794020459978128e+04 1.000000000031751313e+02 7.584741540714776242e+00
4.018818951641040039e+05 -2.063913777595429565e+04 1.000000000005104965e+02 7.584316915204571963e+00
4.019562926936750300e+05 -2.069033534730881001e+04 1.000000000016668054e+02 7.583878079553088902e+00
4.020304114478180418e+05 -2.074153291866332802e+04 1.000000000005436931e+02 7.583424387142081891e+00
4.021042514265200007e+05 -2.079273049001783875e+04 9.999999999826508201e+01 7.582955121788056196e+00
4.021778126297799754e+05 -2.084392806137235311e+04 9.999999999803722517e+01 7.582469537484286981e+00
4.022510950576046016e+05 -2.089512563272687112e+04 1.000000000010403483e+02 7.581966856504683605e+00
4.023240987099938793e+05 -2.094632320408138185e+04 1.000000000009993499e+02 7.581446250634070516e+00
4.023968235869513592e+05 -2.099752077543589985e+04 9.999999999971440445e+01 7.580906837620726257e+00
4.024692696884628967e+05 -2.104871834679041422e+04 1.000000000029405385e+02 7.580347648002303096e+00
4.025414370145471767e+05 -2.109991591814492494e+04 9.999999999871089074e+01 7.579767719473439413e+00
4.026133255651824293e+05 -2.115111348949944295e+04 9.999999999610429313e+01 7.579165940132330803e+00
4.026849353403915884e+05 -2.120231106085395731e+04 1.000000000029821194e+02 7.578541201660553561e+00
4.027562663401636528e+05 -2.125350863220847168e+04 9.999999999835547726e+01 7.577892292078498571e+00
4.028273185644982732e+05 -2.130470620356298605e+04 1.000000000001819558e+02 7.577217897260078772e+00
4.028980920133877662e+05 -2.135590377491750041e+04 1.000000000028954616e+02 7.576516622614612118e+00
4.029685866868518060e+05 -2.140710134627201478e+04 1.000000000021649953e+02 7.575787025610673631e+00
4.030388025848689722e+05 -2.145829891762652915e+04 9.999999999747659274e+01 7.575027480606988384e+00
4.031087397074557375e+05 -2.150949648898104715e+04 9.999999999941469753e+01 7.574236308732044343e+00
4.031783980546058156e+05 -2.156069406033556152e+04 1.000000000005931895e+02 7.573411680536513479e+00
4.032477776263164124e+05 -2.161189163169007224e+04 9.999999999996626343e+01 7.572551631405703532e+00
4.033168784225972486e+05 -2.166308920304459025e+04 9.999999999651267046e+01 7.571654077065046451e+00
4.033857004434342380e+05 -2.171428677439910462e+04 1.000000000031038354e+02 7.570716710605405630e+00
4.034542436888376251e+05 -2.176548434575361898e+04 9.999999999656434113e+01 7.569737131566487420e+00
4.035225081588039175e+05 -2.181668191710813335e+04 1.000000000008605099e+02 7.568712678051434217e+00
4.035904938533337554e+05 -2.186787948846264771e+04 9.999999999588861499e+01 7.567640524202519536e+00
4.036582007724245195e+05 -2.191907705981716208e+04 1.000000000026734739e+02 7.566517569153599965e+00
4.037256289160830202e+05 -2.197027463117167645e+04 9.999999999841629972e+01 7.565340520930856627e+00
4.037927782843016321e+05 -2.202147220252619445e+04 1.000000000039924117e+02 7.564105730774670633e+00
4.038596488770880969e+05 -2.207266977388070518e+04 9.999999999962983566e+01 7.562809319208097847e+00
4.039262406944377581e+05 -2.212386734523522318e+04 9.999999999961802644e+01 7.561447000217633274e+00
4.039925537363511394e+05 -2.217506491658973755e+04 9.999999999976910203e+01 7.560014142136727955e+00
4.040585880028291722e+05 -2.222626248794424828e+04 1.000000000012233130e+02 7.558505689427229335e+00
4.041243434938703431e+05 -2.227746005929876628e+04 1.000000000007697452e+02 7.556916119907321594e+00
4.041898202094763983e+05 -2.232865763065328065e+04 9.999999999771409875e+01 7.555239399286674207e+00
4.042550181496453588e+05 -2.237985520200779501e+04 1.000000000018297897e+02 7.553468895458943955e+00
4.043199373143773410e+05 -2.243105277336230938e+04 1.000000000010469563e+02 7.551597356937497452e+00
4.043845777036758955e+05 -2.248225034471682375e+04 1.000000000011542483e+02 7.549616806923157952e+00
4.044489393175387522e+05 -2.253344791607133811e+04 1.000000000011549446e+02 7.547518442593981192e+00
4.045130221559685888e+05 -2.258464548742585248e+04 1.000000000000406146e+02 7.545292566918401889e+00
4.045768262189605739e+05 -2.263584305878037048e+04 9.999999999983405985e+01 7.542928423315736985e+00
4.046403515065146494e+05 -2.268704063013488121e+04 1.000000000011617800e+02 7.540414109545816146e+00
4.047035980186376255e+05 -2.273823820148939558e+04 9.999999999838637166e+01 7.537736443959743404e+00
4.047665657553249621e+05 -2.278943577284391358e+04 1.000000000007863434e+02 7.534880683122179512e+00
4.048292547165803844e+05 -2.284063334419842431e+04 1.000000000030168081e+02 7.531830429234258162e+00
4.048916649023978971e+05 -2.289183091555294232e+04 1.000000000028695410e+02 7.528567281531802990e+00
4.049537963127839612e+05 -2.294302848690745668e+04 1.000000000060312715e+02 7.525070659739904855e+00
4.050156489477336290e+05 -2.299422605826196741e+04 9.999999999837423559e+01 7.521317367952092603e+00
4.050772228072506841e+05 -2.304542362961648541e+04 1.000000000002275016e+02 7.517281258186581994e+00
4.051385178913343116e+05 -2.309662120097099978e+04 1.000000000020837660e+02 7.512932744226585413e+00
4.051995341999846278e+05 -2.314781877232551415e+04 9.999999999905125492e+01 7.508238243242482568e+00
4.052602717332032043e+05 -2.319901634368002851e+04 9.999999999553237728e+01 7.503159505443877997e+00
4.053207304909882951e+05 -2.325021391503454288e+04 9.999999999921715244e+01 7.497652786777491585e+00
4.053809104733423446e+05 -2.330141148638906088e+04 9.999999999253027738e+01 7.491667956346976354e+00
4.054408116802651202e+05 -2.335260905774357161e+04 1.000000000038640593e+02 7.485147207925692214e+00
4.055004341117567383e+05 -2.340380662909808962e+04 1.000000000015928094e+02 7.478023742355687453e+00
4.055597777678197017e+05 -2.345500420045260398e+04 1.000000000061347407e+02 7.470219925702792807e+00
4.056188426484517404e+05 -2.350620177180711471e+04 9.999999999981920951e+01 7.461645127837289060e+00
4.056776287536559394e+05 -2.355739934316163271e+04 9.999999999815052831e+01 7.452193054818277318e+00
4.057361360834334046e+05 -2.360859691451614708e+04 9.999999999666108863e+01 7.441738339766938992e+00
4.057943646377836703e+05 -2.365979448587066145e+04 1.000000000028474716e+02 7.430132244164136424e+00
4.058523144167098799e+05 -2.371099205722517581e+04 9.999999999742880163e+01 7.417197328848043725e+00
4.059099854202118004e+05 -2.376218962857969018e+04 9.999999999522863448e+01 7.402720344615447701e+00
4.059673776482921094e+05 -2.381338719993420455e+04 1.000000000055236313e+02 7.386443336769820789e+00
4.060244911009535426e+05 -2.386458477128871891e+04 1.000000000023572682e+02 7.368051847609581095e+00
4.060813257781983702e+05 -2.391578234264323692e+04 9.999999999888972013e+01 7.347159254208505352e+00
4.060876235339777777e+05 -2.392147096168262578e+04 9.999999999672473905e+01 7.344663686206859055e+00
4.060939178480848786e+05 -2.392715958072201829e+04 9.999999999657987360e+01 7.342130690064797349e+00
4.061002087205213029e+05 -2.393284819976140716e+04 9.999999999667805639e+01 7.339559541879846272e+00
4.061064961512855371e+05 -2.393853681880079603e+04 1.000000000014366321e+02 7.336949430046059817e+00
4.061127801403774065e+05 -2.394422543784018853e+04 1.000000000014220518e+02 7.334299563162965718e+00
4.061190606877982500e+05 -2.394991405687957740e+04 9.999999999494390579e+01 7.331609150978745326e+00
4.061253377935466706e+05 -2.395560267591896627e+04 1.000000000004089600e+02 7.328877310123916189e+00
4.061316114576237160e+05 -2.396129129495835878e+04 1.000000000027882834e+02 7.326103214404870556e+00
4.061378816800292116e+05 -2.396697991399774764e+04 1.000000000024142821e+02 7.323285977620238363e+00
4.061941588064490352e+05 -2.401817748535226565e+04 1.000000000017147386e+02 7.295831259437525418e+00
4.062501571574641857e+05 -2.406937505670678001e+04 9.999999999906653159e+01 7.264034423859131451e+00
4.063058767330787960e+05 -2.412057262806129074e+04 9.999999999655570093e+01 7.226920678851347368e+00
4.063613175333006075e+05 -2.417177019941580875e+04 9.999999999863590006e+01 7.183224536661638737e+00
4.064164795581380604e+05 -2.422296777077032311e+04 1.000000000026873863e+02 7.131278907151274993e+00
4.064713628076025634e+05 -2.427416534212483748e+04 9.999999999578064092e+01 7.068851626939442134e+00
4.065259672817093087e+05 -2.432536291347935185e+04 1.000000000067938402e+02 6.992898537401074144e+00
4.065802929804771557e+05 -2.437656048483386621e+04 1.000000000033895731e+02 6.899180839452943026e+00
4.066343399039336364e+05 -2.442775805618838058e+04 9.999999999913353577e+01 6.781654060933792749e+00
4.066881080521158292e+05 -2.447895562754289494e+04 9.999999999579146959e+01 6.631458209482151034e+00
4.067415974250774016e+05 -2.453015319889741295e+04 1.000000000194959853e+02 6.435181588929562935e+00
4.067415974250774016e+05 -2.458135077025192368e+04 9.168779506040376504e-01 8.605216440206748985e+01
4.067415974250774016e+05 -2.463254834160643804e+04 1.838610474123011235e-02 1.422108707955776481e+05
4.067415974250774016e+05 -2.468374591296095605e+04 -2.706185853534859298e-01 -1.437783780827072633e+02
4.067415974250774016e+05 -2.473494348431546678e+04 -4.125371416635590927e-01 4.135639180687880412e+02
4.067415974250774016e+05 -2.478614105566998478e+04 -4.890788218632500794e-01 3.676813652778544110e+02
4.067415974250774016e+05 -2.483733862702449915e+04 -5.339867639328100823e-01 3.351164336308341944e+02
4.067415974250774016e+05 -2.488853619837900987e+04 -5.608494574040008285e-01 3.163834729236817225e+02
4.067415974250774016e+05 -2.493973376973352788e+04 -5.764073750263344342e-01 3.059802408473057653e+02
4.067415974250774016e+05 -2.499093134108804225e+04 -5.843975115585389180e-01 3.007855829724635441e+02
4.067415974250774016e+05 -2.504212891244256025e+04 -5.870605324965226801e-01 2.990865092287953075e+02
4.067415974250774016e+05 -2.509332648379707098e+04 -5.858218703313043951e-01 2.998967868460840691e+02
4.067415974250774016e+05 -2.514452405515158534e+04 -5.816315488427732383e-01 3.026185020122949254e+02
4.067415974250774016e+05 -2.519572162650610335e+04 -5.751470063816205291e-01 3.068716810334768184e+02
4.067415974250774016e+05 -2.524691919786061408e+04 -5.668375307659807572e-01 3.124035417636788452e+02
4.067415974250774016e+05 -2.529811676921513208e+04 -5.570469084307023699e-01 3.190366246307478377e+02
4.067415974250774016e+05 -2.534931434056964645e+04 -5.460325716720031419e-01 3.266365170384144676e+02
4.067415974250774016e+05 -2.540051191192416081e+04 -5.339909213833735624e-01 3.350894216844666289e+02
4.067415974250774016e+05 -2.545170948327867518e+04 -5.210741893502376376e-01 3.442838104752147501e+02
4.067415974250774016e+05 -2.550290705463318955e+04 -5.074019545261561071e-01 3.540926100762346209e+02
4.067415974250774016e+05 -2.555410462598770391e+04 -4.930691776047265162e-01 3.643529007864979690e+02
4.067415974250774016e+05 -2.560530219734221828e+04 -4.781518961636726517e-01 3.748395168161186461e+02
4.067415974250774016e+05 -2.565649976869673628e+04 -4.627113118576066664e-01 3.852282110585334749e+02
4.067415974250774016e+05 -2.570769734005124701e+04 -4.467967283137416756e-01 3.950414836616131424e+02
4.067415974250774016e+05 -2.575889491140576138e+04 -4.304476512511443143e-01 4.035670350795018066e+02
4.067415974250774016e+05 -2.581009248276027938e+04 -4.136952112155465322e-01 4.097305638307379354e+02
4.067415974250774016e+05 -2.586129005411479011e+04 -3.965630235315287244e-01 4.118941145043295933e+02
4.067415974250774016e+05 -2.591248762546930811e+04 -3.790674814054664776e-01 4.075272489607494890e+02
4.067415974250774016e+05 -2.596368519682382248e+04 -3.612174029301904454e-01 3.926568969572476249e+02
4.067415974250774016e+05 -2.601488276817833321e+04 -3.430127878654118945e-01 3.609172748633102401e+02
4.067415974250774016e+05 -2.606608033953285121e+04 -3.244422067792784303e-01 3.018508345043305781e+02
