# NLO
0.18597346E+01  0.617522E-01
0.17863240E+01  0.651766E-01
0.17184889E+01  0.683483E-01
0.17184889E+01  0.683484E-01
0.16556174E+01  0.710443E-01
0.15971838E+01  0.733567E-01
0.15427344E+01  0.755842E-01
0.14918750E+01  0.776163E-01
0.14442620E+01  0.793943E-01
0.13576062E+01  0.824167E-01
0.13180643E+01  0.838501E-01
0.12807606E+01  0.850068E-01
0.12455103E+01  0.861800E-01
0.12121484E+01  0.871118E-01
0.11805272E+01  0.878519E-01
0.11505138E+01  0.884274E-01
0.11219886E+01  0.885780E-01
0.10948438E+01  0.557781E-01
0.11505138E+01  0.884283E-01
0.11219886E+01  0.886608E-01
0.11805272E+01  0.878411E-01
0.11505138E+01  0.884297E-01
0.11219886E+01  0.886591E-01
0.10948438E+01  0.557753E-01
0.10689813E+01  0.500751E-01
0.10443125E+01  0.578183E-01
0.95606074E+00  0.634109E-01
0.10948438E+01  0.557738E-01
0.10689813E+01  0.515424E-01
0.10443125E+01  0.579444E-01
0.95606074E+00  0.634170E-01
