# LO
0.24683750E+01  0.540775E-01
0.23407004E+01  0.575315E-01
0.22255840E+01  0.610643E-01
0.21212598E+01  0.646044E-01
0.20262780E+01  0.680666E-01
0.19394375E+01  0.713510E-01
0.18597346E+01  0.743795E-01
0.17863240E+01  0.770455E-01
0.17184889E+01  0.792519E-01
0.16556174E+01  0.809218E-01
0.15971838E+01  0.819980E-01
0.15427344E+01  0.824549E-01
0.14918750E+01  0.823046E-01
0.14442620E+01  0.816075E-01
0.13995941E+01  0.804608E-01
0.13576062E+01  0.789882E-01
0.13180643E+01  0.773307E-01
0.12807606E+01  0.756188E-01
0.12455103E+01  0.739573E-01
0.12121484E+01  0.723974E-01
0.11805272E+01  0.712445E-01
0.11505138E+01  0.700434E-01
0.11219886E+01  0.698350E-01
0.10948438E+01  0.697323E-01
0.10689813E+01  0.699988E-01
0.10443125E+01  0.701814E-01
0.10207566E+01  0.704205E-01
0.99823989E+00  0.710952E-01
0.97669514E+00  0.716400E-01
0.95606074E+00  0.722949E-01
0.93628017E+00  0.729714E-01
0.91730152E+00  0.735586E-01
0.89907699E+00  0.741555E-01
0.88156250E+00  0.746465E-01
0.86471736E+00  0.750795E-01
0.84850391E+00  0.754639E-01
0.83288727E+00  0.757363E-01
0.81783509E+00  0.758934E-01
0.80331731E+00  0.759561E-01
0.78930596E+00  0.759146E-01
0.77577500E+00  0.757864E-01
0.76270014E+00  0.755845E-01
0.75005870E+00  0.753160E-01
0.73782948E+00  0.750079E-01
0.72599265E+00  0.746680E-01
0.71452961E+00  0.743116E-01
0.70342293E+00  0.739546E-01
0.69265625E+00  0.736040E-01