  0.1859735E+01  0.1991343E+03  0.1212713E+06
  0.1786324E+01  0.1923930E+03  0.1367923E+06
  0.1718489E+01  0.1865766E+03  0.1536364E+06
  0.1655617E+01  0.1818941E+03  0.1718987E+06
  0.1597184E+01  0.1780294E+03  0.1916155E+06
  0.1542734E+01  0.1744682E+03  0.2127806E+06
  0.1491875E+01  0.1713286E+03  0.2354628E+06
  0.1444262E+01  0.1686546E+03  0.2597244E+06
  0.1357606E+01  0.1642609E+03  0.3131416E+06
  0.1318064E+01  0.1622705E+03  0.3423576E+06
  0.1280761E+01  0.1606636E+03  0.3733517E+06
  0.1245510E+01  0.1590909E+03  0.4061191E+06
  0.1212148E+01  0.1578573E+03  0.4407508E+06
  0.1180527E+01  0.1568941E+03  0.4772813E+06
  0.1150514E+01  0.1561135E+03  0.5157522E+06
  0.1121989E+01  0.1558182E+03  0.5562240E+06
  0.1094844E+01  0.2120128E+03  0.5993924E+06
  0.1068981E+01  0.2135447E+03  0.6432027E+06
  0.1044312E+01  0.2060408E+03  0.6888175E+06
  0.9560607E+00  0.1975052E+03  0.8912827E+06
  0.1180527E+01  0.1568865E+03  0.4772813E+06
  0.1150514E+01  0.1561100E+03  0.5157522E+06
  0.1121989E+01  0.1557699E+03  0.5562240E+06
  0.1094844E+01  0.2120060E+03  0.5993924E+06
  0.1068981E+01  0.2135387E+03  0.6432027E+06
  0.1044312E+01  0.2071212E+03  0.6888175E+06
  0.9560607E+00  0.1957508E+03  0.8912827E+06
