6.203819895139202708e+05 -6.516520084883213215e+00 1.000000000000889600e+02 7.504879993682620487e+00
6.201409984668887919e+05 -5.609949466932837936e+01 9.999999999933646677e+01 7.504882508596297797e+00
6.199004411560613662e+05 -1.056824692537735615e+02 9.999999999988294519e+01 7.504885035787849823e+00
6.196603175809509121e+05 -1.552654438382187152e+02 9.999999999964589392e+01 7.504887576354010825e+00
6.194206277356133796e+05 -2.048484184226638831e+02 9.999999999864175493e+01 7.504890107007507360e+00
6.191813716296147322e+05 -2.544313930071090510e+02 1.000000000009997052e+02 7.504892659672838917e+00
6.189425492589076748e+05 -3.040143675915542190e+02 1.000000000005732517e+02 7.504895225882065368e+00
6.187041606202638941e+05 -3.535973421759993585e+02 1.000000000016484023e+02 7.504897790360097076e+00
6.184662057152873604e+05 -4.031803167604445548e+02 1.000000000010125802e+02 7.504900360045042795e+00
6.182286845475892769e+05 -4.527632913448896943e+02 1.000000000004176854e+02 7.504902947840306204e+00
6.179915971124415519e+05 -5.023462659293348906e+02 9.999999999958413355e+01 7.504905536390735321e+00
6.177549434090635041e+05 -5.519292405137800870e+02 1.000000000009402470e+02 7.504908122215264932e+00
6.175187234451655531e+05 -6.015122150982251696e+02 1.000000000014856028e+02 7.504910733234478215e+00
6.172829372091107070e+05 -6.510951896826703660e+02 9.999999999924924055e+01 7.504913330675291760e+00
6.170475847159527475e+05 -7.006781642671155623e+02 1.000000000006623821e+02 7.504915963395163203e+00
6.168126659522575792e+05 -7.502611388515607587e+02 1.000000000012276047e+02 7.504918586904721245e+00
6.165781809202219592e+05 -7.998441134360058413e+02 1.000000000008251249e+02 7.504921208637496122e+00
6.163441296291620238e+05 -8.494270880204510377e+02 9.999999999906630421e+01 7.504923862541037494e+00
6.161105120697474340e+05 -8.990100626048962340e+02 9.999999999878704671e+01 7.504926513377126795e+00
6.158773282429337269e+05 -9.485930371893414303e+02 9.999999999925341854e+01 7.504929165542448821e+00
6.156445781524539925e+05 -9.981760117737865130e+02 9.999999999942191664e+01 7.504931831874102066e+00
6.154122617960859789e+05 -1.047758986358231823e+03 1.000000000004014851e+02 7.504934504163927045e+00
6.151803791728727520e+05 -1.097341960942676906e+03 9.999999999981645260e+01 7.504937181979702387e+00
6.149489302833107067e+05 -1.146924935527122216e+03 9.999999999931857531e+01 7.504939864476791733e+00
6.147179151325161802e+05 -1.196507910111567298e+03 9.999999999983874943e+01 7.504942568440180928e+00
6.144873337142374367e+05 -1.246090884696012381e+03 9.999999999953084284e+01 7.504945275597949994e+00
6.142571860283112619e+05 -1.295673859280457691e+03 9.999999999957172747e+01 7.504947982555911778e+00
6.140274720792605076e+05 -1.345256833864903001e+03 9.999999999902958336e+01 7.504950707885047478e+00
6.137981918639719952e+05 -1.394839808449348084e+03 9.999999999693621078e+01 7.504953440969124756e+00
6.135693453830733197e+05 -1.444422783033793166e+03 9.999999999939544182e+01 7.504956176101736709e+00
6.133409326337311650e+05 -1.494005757618238249e+03 9.999999999923208804e+01 7.504958911907592345e+00
6.131129536196730332e+05 -1.543588732202683559e+03 1.000000000023307507e+02 7.504961656708830198e+00
6.128854083421225660e+05 -1.593171706787128642e+03 9.999999999938945905e+01 7.504964422668846780e+00
6.126582967958819354e+05 -1.642754681371573724e+03 1.000000000017090542e+02 7.504967179440778402e+00
6.124316189930822002e+05 -1.692337655956019034e+03 1.000000000007486989e+02 7.504969983179972104e+00
6.122053749162630411e+05 -1.741920630540464344e+03 9.999999999875028323e+01 7.504972763353961795e+00
6.119795645779412007e+05 -1.791503605124909427e+03 1.000000000023789113e+02 7.504975563035189978e+00
6.117541879710213980e+05 -1.841086579709354510e+03 9.999999999968814279e+01 7.504978364709690375e+00
6.115292451000378933e+05 -1.890669554293799592e+03 1.000000000020799291e+02 7.504981176116350738e+00
6.113047359627964906e+05 -1.940252528878244902e+03 9.999999999997690736e+01 7.504983999513628490e+00
6.110806605595411966e+05 -1.989835503462689985e+03 9.999999999897524106e+01 7.504986826566921287e+00
6.108570188902597874e+05 -2.039418478047135068e+03 9.999999999872923695e+01 7.504989658925915741e+00
6.106338109586398350e+05 -2.089001452631579923e+03 1.000000000006563852e+02 7.504992513552772415e+00
6.104110367600362515e+05 -2.138584427216025688e+03 1.000000000013105677e+02 7.504995371410718263e+00
6.101886962944312254e+05 -2.188167401800470543e+03 9.999999999959504748e+01 7.504998233785466155e+00
6.099667895656561013e+05 -2.237750376384915853e+03 1.000000000008777619e+02 7.505001112816620079e+00
6.097453165646427078e+05 -2.287333350969361163e+03 9.999999999993106314e+01 7.505003975782694070e+00
6.095242773076208541e+05 -2.336916325553806473e+03 1.000000000000608225e+02 7.505006882712805805e+00
6.093036717776288278e+05 -2.386499300138251328e+03 9.999999999903582193e+01 7.505009772899470022e+00
6.090834999868110754e+05 -2.436082274722696638e+03 9.999999999936812856e+01 7.505012689488462563e+00
6.088637619292857125e+05 -2.485665249307141494e+03 9.999999999858169986e+01 7.505015610789953051e+00
6.086444576035902137e+05 -2.535248223891586804e+03 1.000000000003457927e+02 7.505018529145719874e+00
6.084255870134630240e+05 -2.584831198476032114e+03 9.999999999941081796e+01 7.505021463456531983e+00
6.082071501581447665e+05 -2.634414173060476969e+03 1.000000000011932428e+02 7.505024404978731134e+00
6.079891470390291652e+05 -2.683997147644922734e+03 9.999999999977210052e+01 7.505027366454052107e+00
6.077715776530788280e+05 -2.733580122229367589e+03 1.000000000000761418e+02 7.505030330467852728e+00
6.075544420001799008e+05 -2.783163096813812899e+03 1.000000000006344436e+02 7.505033298356901028e+00
6.073377400830782717e+05 -2.832746071398257754e+03 1.000000000000143245e+02 7.505036281954145849e+00
6.071214719026132952e+05 -2.882329045982702610e+03 9.999999999952423479e+01 7.505039282973824832e+00
6.069056374509193702e+05 -2.931912020567148375e+03 9.999999999902119896e+01 7.505042271355035766e+00
6.066902367388432613e+05 -2.981494995151593230e+03 9.999999999864095912e+01 7.505045289116745622e+00
6.064752697577876970e+05 -3.031077969736038540e+03 1.000000000001185327e+02 7.505048302273473304e+00
6.062607365127172088e+05 -3.080660944320483850e+03 1.000000000000266311e+02 7.505051332196146063e+00
6.060466370029569371e+05 -3.130243918904929160e+03 9.999999999972884268e+01 7.505054374934074346e+00
6.058329712294861674e+05 -3.179826893489374015e+03 1.000000000062919128e+02 7.505057429191899665e+00
6.056197391853609588e+05 -3.229409868073819325e+03 9.999999999925536542e+01 7.505060484875730076e+00
6.054069408752953168e+05 -3.278992842658264180e+03 1.000000000004319389e+02 7.505063541724031673e+00
6.051945763021865860e+05 -3.328575817242709491e+03 1.000000000000203784e+02 7.505066618146876145e+00
6.049826454642820172e+05 -3.378158791827154801e+03 9.999999999972443732e+01 7.505069708569525488e+00
6.047711483624489047e+05 -3.427741766411599656e+03 1.000000000002471978e+02 7.505072816520103274e+00
6.045600849920494948e+05 -3.477324740996045421e+03 1.000000000010007994e+02 7.505075920538104128e+00
6.043494553548059193e+05 -3.526907715580490276e+03 1.000000000003525997e+02 7.505079029422170755e+00
6.041392594546269393e+05 -3.576490690164935586e+03 1.000000000000517844e+02 7.505082160263618185e+00
6.039294972871595528e+05 -3.626073664749380441e+03 9.999999999867080192e+01 7.505085294554673325e+00
6.037201688557593152e+05 -3.675656639333825751e+03 1.000000000004610854e+02 7.505088443227457162e+00
6.035112741576267872e+05 -3.725239613918271061e+03 1.000000000009919887e+02 7.505091597541042603e+00
6.033028131942556938e+05 -3.774822588502715917e+03 1.000000000007824923e+02 7.505094765009970637e+00
6.030947859645322897e+05 -3.824405563087161227e+03 1.000000000001693934e+02 7.505097939179568023e+00
6.028871924708986189e+05 -3.873988537671606537e+03 9.999999999970943065e+01 7.505101130653788921e+00
6.026800327100207796e+05 -3.923571512256051847e+03 9.999999999956851582e+01 7.505104326010158644e+00
6.024733066860993858e+05 -3.973154486840496702e+03 1.000000000007944436e+02 7.505107539348141898e+00
6.022670143932665233e+05 -4.022737461424942012e+03 9.999999999848775190e+01 7.505110754144379115e+00
6.020611558379038470e+05 -4.072320436009386867e+03 1.000000000000003411e+02 7.505113988114812784e+00
6.018557310177147156e+05 -4.121903410593832632e+03 1.000000000037213113e+02 7.505117233918018549e+00
6.016507399270873284e+05 -4.171486385178277487e+03 1.000000000012210677e+02 7.505120474917793771e+00
6.014461825726639945e+05 -4.221069359762722343e+03 9.999999999944435558e+01 7.505123732527885672e+00
6.012420589554704493e+05 -4.270652334347167198e+03 1.000000000001528804e+02 7.505127012231832317e+00
6.010383690703979228e+05 -4.320235308931612963e+03 9.999999999981899634e+01 7.505130294140458957e+00
6.008351129212011583e+05 -4.369818283516057818e+03 9.999999999936309791e+01 7.505133591980236218e+00
6.006322905055165756e+05 -4.419401258100502673e+03 9.999999999890363256e+01 7.505136896821994696e+00
6.004299018223688472e+05 -4.468984232684947528e+03 1.000000000003145857e+02 7.505140202690388840e+00
6.002279468753336696e+05 -4.518567207269392384e+03 1.000000000013163088e+02 7.505143527613488352e+00
6.000264256620473461e+05 -4.568150181853839058e+03 1.000000000006589289e+02 7.505146861481691190e+00
5.998253381872023456e+05 -4.617733156438283913e+03 9.999999999919215554e+01 7.505150225955013354e+00
5.996246844404382864e+05 -4.667316131022728769e+03 9.999999999825172381e+01 7.505153571093908127e+00
5.994244644312605960e+05 -4.716899105607173624e+03 9.999999999980403231e+01 7.505156941921740099e+00
5.992246781581239775e+05 -4.766482080191619389e+03 9.999999999888906643e+01 7.505160331692742659e+00
5.990253256179462187e+05 -4.816065054776064244e+03 9.999999999771709724e+01 7.505163726446868466e+00
5.988264068120629527e+05 -4.865648029360509099e+03 9.999999999971235809e+01 7.505167129517500868e+00
5.986279217390117701e+05 -4.915231003944953954e+03 1.000000000016110988e+02 7.505170536502689060e+00
5.984298704027725616e+05 -4.964813978529398810e+03 9.999999999883659996e+01 7.505173970475071954e+00
5.982322527993880212e+05 -5.014396953113845484e+03 9.999999999987466026e+01 7.505177404515636752e+00
5.980350689299445366e+05 -5.063979927698290339e+03 9.999999999905134018e+01 7.505180849885284999e+00
5.978383187978207134e+05 -5.113562902282735195e+03 9.999999999989540811e+01 7.505184320031612621e+00
5.976420023969017202e+05 -5.163145876867180050e+03 1.000000000005304628e+02 7.505187785421437496e+00
5.974461197337680496e+05 -5.212728851451625815e+03 1.000000000000022027e+02 7.505191280403976428e+00
5.972506708034689073e+05 -5.262311826036070670e+03 9.999999999904635217e+01 7.505194779539616334e+00
5.970556556083442410e+05 -5.311894800620515525e+03 9.999999999950618701e+01 7.505198292669576610e+00
5.968610741437529214e+05 -5.361477775204961290e+03 1.000000000003363141e+02 7.505201799240889926e+00
5.966669264181731269e+05 -5.411060749789406145e+03 9.999999999845621801e+01 7.505205342974464067e+00
5.964732124249198241e+05 -5.460643724373851910e+03 1.000000000013355077e+02 7.505208883027897571e+00
5.962799321644587908e+05 -5.510226698958296765e+03 1.000000000002363123e+02 7.505212431817697372e+00
5.960870856429779669e+05 -5.559809673542741621e+03 1.000000000016896422e+02 7.505216012265062631e+00
5.958946728513357230e+05 -5.609392648127186476e+03 1.000000000001768115e+02 7.505219584497998753e+00
5.957026937962234952e+05 -5.658975622711632241e+03 9.999999999960313346e+01 7.505223179707541270e+00
5.955111484756347490e+05 -5.708558597296077096e+03 1.000000000011207533e+02 7.505226785750643614e+00
5.953200368881404866e+05 -5.758141571880521951e+03 9.999999999774091464e+01 7.505230400909759680e+00
5.951293590379855596e+05 -5.807724546464967716e+03 9.999999999949474727e+01 7.505234039749986152e+00
5.949391149208085844e+05 -5.857307521049412571e+03 9.999999999856818533e+01 7.505237685630524069e+00
5.947493045376464725e+05 -5.906890495633858336e+03 9.999999999983972998e+01 7.505241339857996685e+00
5.945599278884255327e+05 -5.956473470218303191e+03 1.000000000011033165e+02 7.505245004730066505e+00
5.943709849763164530e+05 -6.006056444802748047e+03 1.000000000034321488e+02 7.505248695392435998e+00
5.941824757938376861e+05 -6.055639419387192902e+03 1.000000000016023165e+02 7.505252377985465628e+00
5.939944003494853387e+05 -6.105222393971637757e+03 1.000000000002758895e+02 7.505256092081864949e+00
5.938067586379757849e+05 -6.154805368556084431e+03 9.999999999997349676e+01 7.505259810337855164e+00
5.936195506615501363e+05 -6.204388343140529287e+03 9.999999999925120164e+01 7.505263543151900585e+00
5.934327764204533305e+05 -6.253971317724974142e+03 1.000000000001686544e+02 7.505267294809232936e+00
5.932464359122313326e+05 -6.303554292309418997e+03 9.999999999842430043e+01 7.505271053498989708e+00
5.930605291399048874e+05 -6.353137266893864762e+03 1.000000000008446648e+02 7.505274828705923440e+00
5.928750561001318274e+05 -6.402720241478309617e+03 9.999999999995712585e+01 7.505278610540041306e+00
5.926900167953843484e+05 -6.452303216062754473e+03 9.999999999935137396e+01 7.505282409919458608e+00
5.925054112244051648e+05 -6.501886190647199328e+03 9.999999999987093702e+01 7.505286216819251344e+00
5.923212393864925252e+05 -6.551469165231644183e+03 9.999999998983419403e+01 7.505290039935955448e+00
5.921375012883828022e+05 -6.601052139816090857e+03 1.000000000011772272e+02 7.505293885478031335e+00
5.919541969241416082e+05 -6.650635114400535713e+03 1.000000000025277131e+02 7.505297751523635874e+00
5.917713262894647196e+05 -6.700218088984980568e+03 1.000000000005715890e+02 7.505301608029858684e+00
5.915888893926495221e+05 -6.749801063569425423e+03 1.000000000002435740e+02 7.505305495055923259e+00
5.914068862299812026e+05 -6.799384038153871188e+03 1.000000000009529231e+02 7.505309393919188388e+00
5.912253167993562529e+05 -6.848967012738316043e+03 1.000000000002363549e+02 7.505313294534160740e+00
5.910441811061018379e+05 -6.898549987322760899e+03 9.999999999978953724e+01 7.505317225784985169e+00
5.908634791437709937e+05 -6.948132961907206663e+03 1.000000000007530616e+02 7.505321150368320815e+00
5.906832109211127972e+05 -6.997715936491651519e+03 9.999999999973111642e+01 7.505325120614149803e+00
5.905033764284013305e+05 -7.047298911076097284e+03 9.999999999983189980e+01 7.505329077805161120e+00
5.903239756687283516e+05 -7.096881885660542139e+03 9.999999999892457936e+01 7.505333044560534184e+00
5.901450086496477015e+05 -7.146464860244986994e+03 9.999999999882471968e+01 7.505337056662256146e+00
5.899664753590889741e+05 -7.196047834829431849e+03 9.999999999840393627e+01 7.505341052237306521e+00
5.897883758069248870e+05 -7.245630809413877614e+03 9.999999999977615062e+01 7.505345083031494724e+00
5.896107099887236254e+05 -7.295213783998322469e+03 9.999999999886361479e+01 7.505349127265229292e+00
5.894334779021891300e+05 -7.344796758582767325e+03 1.000000000006612453e+02 7.505353168607373782e+00
5.892566795524919871e+05 -7.394379733167213089e+03 9.999999999999562306e+01 7.505357240764832127e+00
5.890803149353653425e+05 -7.443962707751657945e+03 9.999999999876852996e+01 7.505361316997440468e+00
5.889043840533545008e+05 -7.493545682336103710e+03 9.999999999792353833e+01 7.505365413040957279e+00
5.887288869089341024e+05 -7.543128656920548565e+03 1.000000000008149073e+02 7.505369538666980311e+00
5.885538234932348132e+05 -7.592711631504993420e+03 9.999999999777689652e+01 7.505373651024007664e+00
5.883791938179720892e+05 -7.642294606089438275e+03 9.999999999853646671e+01 7.505377810563226504e+00
5.882049978748562280e+05 -7.691877580673883131e+03 1.000000000017647181e+02 7.505381970414844339e+00
5.880312356635482283e+05 -7.741460555258329805e+03 9.999999999984883914e+01 7.505386133811319915e+00
5.878579071892681532e+05 -7.791043529842774660e+03 1.000000000000618599e+02 7.505390327004888285e+00
5.876850124487663852e+05 -7.840626504427219515e+03 9.999999999928378713e+01 7.505394533613888974e+00
5.875125514429211617e+05 -7.890209479011664371e+03 9.999999999954599161e+01 7.505398755308621439e+00
5.873405241698453901e+05 -7.939792453596110136e+03 9.999999999978265919e+01 7.505402981840271437e+00
5.871689306343372446e+05 -7.989375428180554991e+03 1.000000000002505374e+02 7.505407244010912748e+00
5.869977708307182183e+05 -8.038958402764999846e+03 9.999999999968335374e+01 7.505411507827122186e+00
5.868270447611386189e+05 -8.088541377349444701e+03 9.999999999981520205e+01 7.505415784933548551e+00
5.866567524262340739e+05 -8.138124351933889557e+03 9.999999999697726594e+01 7.505420082140095595e+00
5.864868938294996042e+05 -8.187707326518336231e+03 9.999999999837977782e+01 7.505424413973913467e+00
5.863174689655293478e+05 -8.237290301102781086e+03 9.999999999938577844e+01 7.505428752447763863e+00
5.861484778316428419e+05 -8.286873275687226851e+03 1.000000000018693669e+02 7.505433080011476576e+00
5.859799204374169931e+05 -8.336456250271670797e+03 1.000000000029160674e+02 7.505437457355684572e+00
5.858117967734913109e+05 -8.386039224856116562e+03 1.000000000002411724e+02 7.505441828798897319e+00
5.856441068466674769e+05 -8.435622199440562326e+03 9.999999999948649076e+01 7.505446230954188280e+00
5.854768506527348654e+05 -8.485205174025006272e+03 9.999999999923986138e+01 7.505450641345239760e+00
5.853100281947621843e+05 -8.534788148609452037e+03 9.999999999965930897e+01 7.505455076900600986e+00
5.851436394703764236e+05 -8.584371123193895983e+03 1.000000000003065423e+02 7.505459523624647744e+00
5.849776844824644504e+05 -8.633954097778341747e+03 1.000000000004814495e+02 7.505464000357213727e+00
5.848121632274197182e+05 -8.683537072362785693e+03 9.999999999952055418e+01 7.505468486129792893e+00
5.846470757060210453e+05 -8.733120046947233277e+03 1.000000000017841302e+02 7.505472982151865757e+00
5.844824219186221017e+05 -8.782703021531679042e+03 1.000000000013385915e+02 7.505477493975767800e+00
5.843182018671961268e+05 -8.832285996116122988e+03 1.000000000000209184e+02 7.505482035134634522e+00
5.841544155505251838e+05 -8.881868970700568752e+03 1.000000000007975842e+02 7.505486592909027088e+00
5.839910629662720021e+05 -8.931451945285012698e+03 9.999999999825850239e+01 7.505491159032825266e+00
5.838281441173040075e+05 -8.981034919869458463e+03 9.999999999948960294e+01 7.505495744232450583e+00
5.836656590027119964e+05 -9.030617894453902409e+03 1.000000000000338787e+02 7.505500349037605545e+00
5.835036076231643092e+05 -9.080200869038348173e+03 1.000000000003469580e+02 7.505504973767084032e+00
5.833419899769368349e+05 -9.129783843622793938e+03 1.000000000006788241e+02 7.505509611313656571e+00
5.831808060665340163e+05 -9.179366818207239703e+03 9.999999999968495956e+01 7.505514276700785636e+00
5.830200558891927358e+05 -9.228949792791685468e+03 9.999999999785342197e+01 7.505518952150954881e+00
5.828597394466735423e+05 -9.278532767376129414e+03 9.999999999865076461e+01 7.505523646100193957e+00
5.826998567380990135e+05 -9.328115741960575178e+03 9.999999999633720904e+01 7.505528359170605235e+00
5.825404077661969932e+05 -9.377698716545019124e+03 9.999999999999586464e+01 7.505533098909588752e+00
5.823813925247946754e+05 -9.427281691129464889e+03 9.999999999654748706e+01 7.505537837893967001e+00
5.822228110224886332e+05 -9.476864665713908835e+03 1.000000000008114256e+02 7.505542620508632190e+00
5.820646632531844079e+05 -9.526447640298354600e+03 9.999999999986390264e+01 7.505547416471614497e+00
5.819069492163209943e+05 -9.576030614882800364e+03 9.999999999927646854e+01 7.505552218745691562e+00
5.817496689144059783e+05 -9.625613589467246129e+03 9.999999999862504296e+01 7.505557042723259187e+00
5.815928223487872165e+05 -9.675196564051691894e+03 1.000000000004503988e+02 7.505561896836959512e+00
5.814364095157656120e+05 -9.724779538636135840e+03 1.000000000006383942e+02 7.505566760289978490e+00
5.812804304171352414e+05 -9.774362513220581604e+03 1.000000000003167173e+02 7.505571641784561265e+00
5.811248850542954169e+05 -9.823945487805025550e+03 9.999999999896030545e+01 7.505576554914803467e+00
5.809697734262401937e+05 -9.873528462389471315e+03 9.999999999987315391e+01 7.505581487374613836e+00
5.808150955304527888e+05 -9.923111436973915261e+03 1.000000000006151026e+02 7.505586424015961988e+00
5.806608513701105257e+05 -9.972694411558361026e+03 1.000000000005072707e+02 7.505591390304003241e+00
5.805070409452428576e+05 -1.002227738614280679e+04 1.000000000008750050e+02 7.505596381809045425e+00
5.803536642533005215e+05 -1.007186036072725256e+04 9.999999999961707431e+01 7.505601385681478277e+00
5.802007212962816702e+05 -1.012144333531169832e+04 1.000000000010827819e+02 7.505606410629598102e+00
5.800482120755100623e+05 -1.017102630989614227e+04 1.000000000092966275e+02 7.505611463053700305e+00
5.798961365847091656e+05 -1.022060928448058803e+04 9.999999999921291760e+01 7.505616520530949742e+00
5.797444948319466785e+05 -1.027019225906503198e+04 1.000000000000764402e+02 7.505621614326655866e+00
5.795932868117862381e+05 -1.031977523364947774e+04 9.999999999769509884e+01 7.505626719688745396e+00
5.794425125265968964e+05 -1.036935820823392351e+04 1.000000000008167262e+02 7.505631844459719204e+00
5.792921719757384853e+05 -1.041894118281836745e+04 9.999999999948028062e+01 7.505636993597709861e+00
5.791422651589666493e+05 -1.046852415740281322e+04 9.999999999827896602e+01 7.505642161397919843e+00
5.789927920784241287e+05 -1.051810713198725716e+04 1.000000000001971472e+02 7.505647360896842812e+00
5.788437527313972823e+05 -1.056769010657170475e+04 1.000000000006805294e+02 7.505652576751295157e+00
5.786951471186876297e+05 -1.061727308115614869e+04 9.999999999951698726e+01 7.505657815308174996e+00
5.785469752399913268e+05 -1.066685605574059446e+04 1.000000000000989786e+02 7.505663069476246285e+00
5.783992370955968508e+05 -1.071643903032504022e+04 1.000000000000455316e+02 7.505668346290466530e+00
5.782519326847905759e+05 -1.076602200490948417e+04 9.999999999523848260e+01 7.505673643321278732e+00
5.781050620118532097e+05 -1.081560497949392993e+04 9.999999999956762053e+01 7.505678980218112528e+00
5.779586250711323228e+05 -1.086518795407837388e+04 1.000000000022236009e+02 7.505684323619338016e+00
5.778126218658938305e+05 -1.091477092866281964e+04 9.999999999936321160e+01 7.505689702676308528e+00
5.776670523945474997e+05 -1.096435390324726359e+04 1.000000000010794139e+02 7.505695095702098030e+00
5.775219166550238151e+05 -1.101393687783171117e+04 9.999999999971593923e+01 7.505700495046522036e+00
5.773772146540184040e+05 -1.106351985241615512e+04 9.999999999736316170e+01 7.505705950319538466e+00
5.772329463832865003e+05 -1.111310282700060088e+04 9.999999999984217425e+01 7.505711391626927131e+00
5.770891118497590069e+05 -1.116268580158504665e+04 1.000000000005612151e+02 7.505716878360988886e+00
5.769457110487812897e+05 -1.121226877616949059e+04 9.999999999923576866e+01 7.505722375807843072e+00
5.768027439859248698e+05 -1.126185175075393636e+04 9.999999999476470691e+01 7.505727929061099424e+00
5.766602106551968027e+05 -1.131143472533838030e+04 9.999999999715731747e+01 7.505733481903900994e+00
5.765181110582400579e+05 -1.136101769992282607e+04 1.000000000006538983e+02 7.505739051907807102e+00
5.763764451956405537e+05 -1.141060067450727001e+04 1.000000000004279030e+02 7.505744649368258692e+00
5.762352130672871135e+05 -1.146018364909171760e+04 9.999999999990789945e+01 7.505750268410990245e+00
5.760944146749873180e+05 -1.150976662367616154e+04 1.000000000011529266e+02 7.505755923824129816e+00
5.759540500164923724e+05 -1.155934959826060731e+04 9.999999999876895629e+01 7.505761601310191544e+00
5.758141190923189279e+05 -1.160893257284505307e+04 9.999999999977291054e+01 7.505767300361495309e+00
5.756746219013396185e+05 -1.165851554742949702e+04 1.000000000003845457e+02 7.505773015290248651e+00
5.755355584450830938e+05 -1.170809852201394278e+04 9.999999999861242372e+01 7.505778757556044845e+00
5.753969287252816139e+05 -1.175768149659838673e+04 9.999999999999221245e+01 7.505784539235529351e+00
5.752587327373495791e+05 -1.180726447118283249e+04 9.999999999900425962e+01 7.505790326852907590e+00
5.751209704858749174e+05 -1.185684744576727644e+04 9.999999999865281097e+01 7.505796156970150790e+00
5.749836419688749593e+05 -1.190643042035172402e+04 9.999999999820410324e+01 7.505802012677124324e+00
5.748467471840634244e+05 -1.195601339493616979e+04 9.999999999774449577e+01 7.505807876156189273e+00
5.747102861364177661e+05 -1.200559636952061373e+04 9.999999999994473399e+01 7.505813784880940531e+00
5.745742588202817133e+05 -1.205517934410505950e+04 9.999999999855299393e+01 7.505819698854566902e+00
5.744386652432122501e+05 -1.210476231868950345e+04 1.000000000006467360e+02 7.505825674523701529e+00
5.743035053965384141e+05 -1.215434529327394921e+04 9.999999999840888165e+01 7.505831647225607028e+00
5.741687792850024998e+05 -1.220392826785839316e+04 1.000000000011129231e+02 7.505837648527766248e+00
5.740344869077497860e+05 -1.225351124244283892e+04 9.999999999925466909e+01 7.505843678437969402e+00
5.739006282650104258e+05 -1.230309421702728469e+04 9.999999999969270448e+01 7.505849734270507945e+00
5.737672033565634629e+05 -1.235267719161173045e+04 1.000000000011729071e+02 7.505855814350179678e+00
5.736342121839390602e+05 -1.240226016619617621e+04 9.999999999903634773e+01 7.505861937864136912e+00
5.735016547440235736e+05 -1.245184314078062016e+04 1.000000000005667857e+02 7.505868070040479623e+00
5.733695310393163236e+05 -1.250142611536506593e+04 1.000000000002099796e+02 7.505874238777297869e+00
5.732378410714874044e+05 -1.255100908994950987e+04 1.000000000045416186e+02 7.505880452692260896e+00
5.731065848353528418e+05 -1.260059206453395564e+04 1.000000000026870453e+02 7.505886675909876793e+00
5.729757623328061309e+05 -1.265017503911839958e+04 9.999999999926980365e+01 7.505892921677127738e+00
5.728453735652769683e+05 -1.269975801370284535e+04 9.999999999935289452e+01 7.505899198293875862e+00
5.727154185333873611e+05 -1.274934098828729111e+04 1.000000000010753496e+02 7.505905511328830215e+00
5.725858972344846698e+05 -1.279892396287173688e+04 1.000000000005348681e+02 7.505911843359894142e+00
5.724568096704741474e+05 -1.284850693745618264e+04 9.999999999818308538e+01 7.505918210461575590e+00
5.723281558419932844e+05 -1.289808991204062659e+04 1.000000000005803003e+02 7.505924611510865319e+00
5.721999357462968910e+05 -1.294767288662507235e+04 1.000000000001432454e+02 7.505931030613602672e+00
5.720721493858353933e+05 -1.299725586120951630e+04 1.000000000005937437e+02 7.505937485335415715e+00
5.719447967594817746e+05 -1.304683883579396206e+04 9.999999999926421879e+01 7.505943967777768400e+00
5.718178778688175371e+05 -1.309642181037840601e+04 1.000000000015368755e+02 7.505950489242948720e+00
5.716913927119838772e+05 -1.314600478496285177e+04 1.000000000001525251e+02 7.505957038824910832e+00
5.715653412879881216e+05 -1.319558775954729754e+04 1.000000000006713350e+02 7.505963602921538858e+00
5.714397235998579999e+05 -1.324517073413174330e+04 9.999999999923232963e+01 7.505970212127086150e+00
5.713145396480821073e+05 -1.329475370871618907e+04 9.999999999954800955e+01 7.505976867973261690e+00
5.711897894283398055e+05 -1.334433668330063301e+04 1.000000000020618955e+02 7.505983530868645559e+00
5.710654729419944342e+05 -1.339391965788507878e+04 1.000000000006396021e+02 7.505990219290096910e+00
5.709415901900421595e+05 -1.344350263246952272e+04 9.999999999722388111e+01 7.505996940704436682e+00
5.708181411745102378e+05 -1.349308560705396849e+04 1.000000000005352661e+02 7.506003706761688044e+00
5.706951258942974964e+05 -1.354266858163841425e+04 1.000000000000110134e+02 7.506010515966067054e+00
5.705725443462134572e+05 -1.359225155622285820e+04 9.999999999975834442e+01 7.506017335637102939e+00
5.704503965332829393e+05 -1.364183453080730396e+04 9.999999999891205960e+01 7.506024195585581538e+00
5.703286824533343315e+05 -1.369141750539174973e+04 9.999999999872173362e+01 7.506031073122946040e+00
5.702074021105127176e+05 -1.374100047997619549e+04 1.000000000004405507e+02 7.506038007818925273e+00
5.700865555007678922e+05 -1.379058345456063944e+04 1.000000000000024727e+02 7.506044964429317012e+00
5.699661426259127911e+05 -1.384016642914508520e+04 1.000000000011751808e+02 7.506051958154362325e+00
5.698461634847845417e+05 -1.388974940372953097e+04 9.999999999993602273e+01 7.506058980279319393e+00
5.697266180785794277e+05 -1.393933237831397491e+04 1.000000000004037162e+02 7.506066039659958555e+00
5.696075064084345941e+05 -1.398891535289842068e+04 1.000000000117467067e+02 7.506073139258490734e+00
5.694888284678265918e+05 -1.403849832748286462e+04 1.000000000007365486e+02 7.506080244552069125e+00
5.693705842657679459e+05 -1.408808130206731039e+04 1.000000000026475959e+02 7.506087413258308416e+00
5.692527737972709583e+05 -1.413766427665175434e+04 9.999999999991153743e+01 7.506094613264831850e+00
5.691353970639628824e+05 -1.418724725123620192e+04 1.000000000047119357e+02 7.506101850613645432e+00
5.690184540614495054e+05 -1.423683022582064586e+04 9.999999999909047688e+01 7.506109094157988437e+00
5.689019447976239026e+05 -1.428641320040509163e+04 1.000000000004207408e+02 7.506116410145800444e+00
5.687858692662168760e+05 -1.433599617498953739e+04 9.999999999941429962e+01 7.506123743191822406e+00
5.686702274703432340e+05 -1.438557914957398134e+04 9.999999999961343633e+01 7.506131123556884610e+00
5.685550194082872476e+05 -1.443516212415842710e+04 9.999999999505834580e+01 7.506138538257633108e+00
5.684402450786168920e+05 -1.448474509874287105e+04 9.999999999609926249e+01 7.506145963422684808e+00
5.683259044868707424e+05 -1.453432807332731682e+04 1.000000000001276703e+02 7.506153458480741669e+00
5.682119976283303695e+05 -1.458391104791176076e+04 9.999999999976436982e+01 7.506160983085135463e+00
5.680985245023744646e+05 -1.463349402249620834e+04 1.000000000005262137e+02 7.506168523617221311e+00
5.679854851134057390e+05 -1.468307699708065229e+04 1.000000000016203927e+02 7.506176128963370608e+00
5.678728794568774756e+05 -1.473265997166509806e+04 9.999999999975926812e+01 7.506183753237185563e+00
5.677607075360141462e+05 -1.478224294624954382e+04 1.000000000011795436e+02 7.506191427537229011e+00
5.676489693486058386e+05 -1.483182592083398777e+04 1.000000000006432117e+02 7.506199130909027240e+00
5.675376648957408033e+05 -1.488140889541843353e+04 9.999999999801632100e+01 7.506206875882302398e+00
5.674267941794825019e+05 -1.493099187000287748e+04 1.000000000001034408e+02 7.506214681217950435e+00
5.673163571965197334e+05 -1.498057484458732324e+04 9.999999999772934700e+01 7.506222515436098419e+00
5.672063539466015063e+05 -1.503015781917176719e+04 9.999999999999235456e+01 7.506230370167193300e+00
5.670967844319439027e+05 -1.507974079375621477e+04 1.000000000014009771e+02 7.506238276822903899e+00
5.669876486512664706e+05 -1.512932376834066054e+04 9.999999999961637798e+01 7.506246220697633476e+00
5.668789466066155583e+05 -1.517890674292510448e+04 1.000000000010477521e+02 7.506254219919514803e+00
5.667706782950126799e+05 -1.522848971750955025e+04 9.999999999968240161e+01 7.506262247930720832e+00
5.666628437187407399e+05 -1.527807269209399419e+04 1.000000000001600569e+02 7.506270325660671539e+00
5.665554428753301036e+05 -1.532765566667843996e+04 1.000000000013416326e+02 7.506278426304766604e+00
5.664484757663240889e+05 -1.537723864126288390e+04 1.000000000007684235e+02 7.506286570652584977e+00
5.663419423944654409e+05 -1.542682161584732967e+04 9.999999999971238651e+01 7.506294788076484537e+00
5.662358427535265218e+05 -1.547640459043177543e+04 9.999999999967100450e+01 7.506303005983380849e+00
5.661301768498774618e+05 -1.552598756501622120e+04 9.999999999769904946e+01 7.506311304016537456e+00
5.660249446789079811e+05 -1.557557053960066696e+04 1.000000000010303722e+02 7.506319619180623626e+00
5.659201462428219384e+05 -1.562515351418511091e+04 9.999999999963947062e+01 7.506327987410672087e+00
5.658157815415309742e+05 -1.567473648876955667e+04 9.999999999943905493e+01 7.506336402860629420e+00
5.657118505742908455e+05 -1.572431946335400062e+04 1.000000000021301219e+02 7.506344855712754338e+00
5.656083533407285577e+05 -1.577390243793844638e+04 9.999999999965375252e+01 7.506353349056940516e+00
5.655052898430614732e+05 -1.582348541252289033e+04 1.000000000015097754e+02 7.506361900815753607e+00
5.654026600783740869e+05 -1.587306838710733609e+04 9.999999999458822231e+01 7.506370487169624184e+00
5.653004640494815540e+05 -1.592265136169178186e+04 1.000000000005196057e+02 7.506379126285201764e+00
5.651987017537858337e+05 -1.597223433627622762e+04 9.999999999894541247e+01 7.506387802817375388e+00
5.650973731946006883e+05 -1.602181731086067339e+04 9.999999999985561772e+01 7.506396548393922785e+00
5.649964783681323752e+05 -1.607140028544511733e+04 9.999999999868039424e+01 7.506405322485830922e+00
5.648960172763165319e+05 -1.612098326002956310e+04 1.000000000017496689e+02 7.506414142537552792e+00
5.647959899187085684e+05 -1.617056623461400704e+04 9.999999999852346377e+01 7.506423011854665539e+00
5.646963962956705363e+05 -1.622014920919845281e+04 1.000000000010351471e+02 7.506431927587369657e+00
5.645972364069990581e+05 -1.626973218378289675e+04 9.999999999796420980e+01 7.506440894189528201e+00
5.644985102538404753e+05 -1.631931515836734252e+04 1.000000000008058834e+02 7.506449919082104572e+00
5.644002178331722971e+05 -1.636889813295178828e+04 1.000000000022978952e+02 7.506458969674953963e+00
5.643023591488442617e+05 -1.641848110753623405e+04 1.000000000014373711e+02 7.506468096097560050e+00
5.642049341977550648e+05 -1.646806408212067981e+04 1.000000000001172680e+02 7.506477257397653702e+00
5.641079429810906295e+05 -1.651764705670512194e+04 9.999999999956909846e+01 7.506486469256234528e+00
5.640113855001097545e+05 -1.656723003128956771e+04 9.999999999756063573e+01 7.506495748350720199e+00
5.639152617514454760e+05 -1.661681300587401347e+04 9.999999999968743225e+01 7.506505048334612518e+00
5.638195717386726756e+05 -1.666639598045845923e+04 9.999999999833413256e+01 7.506514421115697111e+00
5.637243154603688745e+05 -1.671597895504290864e+04 1.000000000015978401e+02 7.506523843317648215e+00
5.636294929168954259e+05 -1.676556192962735076e+04 9.999999999813657325e+01 7.506533328680613515e+00
5.635351041068257764e+05 -1.681514490421179653e+04 1.000000000032258072e+02 7.506542846898094368e+00
5.634411490305314073e+05 -1.686472787879624229e+04 9.999999999883930002e+01 7.506552417873006533e+00
5.633476276898148935e+05 -1.691431085338068806e+04 1.000000000004515783e+02 7.506562051700472082e+00
5.632545400827035774e+05 -1.696389382796513019e+04 9.999999999749613266e+01 7.506571732506080785e+00
5.631618862108051544e+05 -1.701347680254957595e+04 1.000000000001144542e+02 7.506581475238442103e+00
5.630696660728936549e+05 -1.706305977713402172e+04 9.999999999874673051e+01 7.506591270235753122e+00
5.629778796690732706e+05 -1.711264275171846748e+04 1.000000000002929426e+02 7.506601113296635042e+00
5.628865270018085139e+05 -1.716222572630291324e+04 9.999999999785485727e+01 7.506611045837847662e+00
5.627956080665182089e+05 -1.721180870088735901e+04 1.000000000046547797e+02 7.506620992230185863e+00
5.627051228659619810e+05 -1.726139167547180477e+04 1.000000000004044836e+02 7.506631009795668774e+00
5.626150714011442615e+05 -1.731097465005624690e+04 9.999999999887155866e+01 7.506641101590894039e+00
5.625254536696918076e+05 -1.736055762464069267e+04 1.000000000010166872e+02 7.506651233439238347e+00
5.624362696734714555e+05 -1.741014059922513843e+04 9.999999999834997766e+01 7.506661438188915625e+00
5.623475194108961150e+05 -1.745972357380958420e+04 1.000000000014436381e+02 7.506671686377671016e+00
5.622592028830372728e+05 -1.750930654839402632e+04 9.999999999995880273e+01 7.506682003495876998e+00
5.621713200898220530e+05 -1.755888952297847572e+04 1.000000000022455424e+02 7.506692379357559730e+00
5.620838710307810688e+05 -1.760847249756292149e+04 1.000000000001391527e+02 7.506702815841174825e+00
5.619968557059396990e+05 -1.765805547214736362e+04 1.000000000004551168e+02 7.506713308840804899e+00
5.619102741157917771e+05 -1.770763844673180938e+04 1.000000000003416858e+02 7.506723867437539610e+00
5.618241262602882925e+05 -1.775722142131625515e+04 9.999999999987198862e+01 7.506734491471028115e+00
5.617384121385264443e+05 -1.780680439590070091e+04 9.999999999993299582e+01 7.506745168212720642e+00
5.616531317516631680e+05 -1.785638737048514304e+04 9.999999999660526839e+01 7.506755917470525397e+00
5.615682850989303552e+05 -1.790597034506959244e+04 9.999999999797553585e+01 7.506766723091809368e+00
5.614838721817650367e+05 -1.795555331965403457e+04 9.999999999971893772e+01 7.506777610114074406e+00
5.613998929976192303e+05 -1.800513629423848033e+04 9.999999999947142726e+01 7.506788541944792392e+00
5.613163475488028489e+05 -1.805471926882292610e+04 9.999999999985436716e+01 7.506799552829559907e+00
5.612332358335045865e+05 -1.810430224340737186e+04 1.000000000002386429e+02 7.506810615918589669e+00
5.611505578521966236e+05 -1.815388521799181763e+04 9.999999999800245121e+01 7.506821741341003218e+00
5.610683136073462665e+05 -1.820346819257625975e+04 1.000000000010663683e+02 7.506832962137714560e+00
5.609865030959232245e+05 -1.825305116716070916e+04 9.999999999915182514e+01 7.506844238937157243e+00
5.609051263187028235e+05 -1.830263414174515128e+04 9.999999999932325068e+01 7.506855578918798066e+00
5.608241832762442064e+05 -1.835221711632959705e+04 1.000000000006779146e+02 7.506866993143221478e+00
5.607436739681287436e+05 -1.840180009091403917e+04 1.000000000021921522e+02 7.506878475178529797e+00
5.606635983939092839e+05 -1.845138306549848858e+04 1.000000000012032046e+02 7.506890020540082809e+00
5.605839565544744255e+05 -1.850096604008293434e+04 9.999999999932381911e+01 7.506901645298436065e+00
5.605047484490046045e+05 -1.855054901466737647e+04 1.000000000009293757e+02 7.506913330011025565e+00
5.604259740784753812e+05 -1.860013198925182223e+04 1.000000000003906564e+02 7.506925098482824410e+00
5.603476334430444986e+05 -1.864971496383626800e+04 9.999999999965615416e+01 7.506936951605340802e+00
5.602697265406807419e+05 -1.869929793842071376e+04 9.999999999927538852e+01 7.506948854578541663e+00
5.601922533737975173e+05 -1.874888091300515589e+04 1.000000000023576945e+02 7.506960848051597246e+00
5.601152139408546500e+05 -1.879846388758960529e+04 1.000000000014580195e+02 7.506972911446879948e+00
5.600386082427282818e+05 -1.884804686217404742e+04 9.999999999841826082e+01 7.506985059847957942e+00
5.599624362780052470e+05 -1.889762983675849318e+04 1.000000000003621068e+02 7.506997262190896691e+00
5.598866980487646069e+05 -1.894721281134293895e+04 1.000000000007304664e+02 7.507009562587447782e+00
5.598113935535682831e+05 -1.899679578592738471e+04 9.999999999942801310e+01 7.507021935768428023e+00
5.597365227927155793e+05 -1.904637876051183048e+04 9.999999999878792778e+01 7.507034383807951627e+00
5.596620857661027694e+05 -1.909596173509627261e+04 9.999999999950129848e+01 7.507046909272959034e+00
5.595880824738526717e+05 -1.914554470968072201e+04 9.999999999954631846e+01 7.507059513720174770e+00
5.595145129170177970e+05 -1.919512768426516413e+04 9.999999999790519212e+01 7.507072219512262556e+00
5.594413770936932415e+05 -1.924471065884960990e+04 1.000000000000562892e+02 7.507084987068386894e+00
5.593686750054429285e+05 -1.929429363343405203e+04 9.999999999831193520e+01 7.507097851541763234e+00
5.592964066513057332e+05 -1.934387660801850143e+04 1.000000000008785861e+02 7.507110790826468261e+00
5.592245720314504579e+05 -1.939345958260294719e+04 1.000000000002075922e+02 7.507123814980300125e+00
5.591531711464982945e+05 -1.944304255718738932e+04 1.000000000014016166e+02 7.507136931570392413e+00
5.590822039951913757e+05 -1.949262553177183872e+04 1.000000000012010162e+02 7.507150120485664324e+00
5.590116705782184144e+05 -1.954220850635628085e+04 1.000000000009525394e+02 7.507163394040366811e+00
5.589415708956761518e+05 -1.959179148094072661e+04 9.999999999641420345e+01 7.507176759376961606e+00
5.588719049486282747e+05 -1.964137445552516874e+04 9.999999999634066228e+01 7.507190231311248851e+00
5.588026727356284391e+05 -1.969095743010961814e+04 1.000000000004107790e+02 7.507203781049021529e+00
5.587338742569180904e+05 -1.974054040469406027e+04 1.000000000003155805e+02 7.507217421945306057e+00
5.586655095127768582e+05 -1.979012337927850604e+04 9.999999999907080905e+01 7.507231157804591604e+00
5.585975785024414072e+05 -1.983970635386295180e+04 9.999999999983162979e+01 7.507244972647610481e+00
5.585300812270287424e+05 -1.988928932844739757e+04 1.000000000001161311e+02 7.507258890090087178e+00
5.584630176857031183e+05 -1.993887230303184333e+04 1.000000000005460379e+02 7.507272894685784514e+00
5.583963878791424213e+05 -1.998845527761628546e+04 9.999999999925371696e+01 7.507287003787869395e+00
5.583301918065655045e+05 -2.003803825220073486e+04 9.999999999704250797e+01 7.507301199520664881e+00
5.582644294688573573e+05 -2.008762122678517699e+04 9.999999999997926636e+01 7.507315496440877922e+00
5.581991008652690798e+05 -2.013720420136962275e+04 1.000000000014220944e+02 7.507329886800002683e+00
5.581342059965353692e+05 -2.018678717595406488e+04 1.000000000009735572e+02 7.507344387269403896e+00
5.580697448615406174e+05 -2.023637015053851428e+04 9.999999999868164480e+01 7.507358974538769658e+00
5.580057174619381549e+05 -2.028595312512296005e+04 9.999999999964191488e+01 7.507373680858129283e+00
5.579421237964576576e+05 -2.033553609970740217e+04 1.000000000049647042e+02 7.507388478352034156e+00
5.578789638645530213e+05 -2.038511907429185158e+04 9.999999999984241583e+01 7.507403369554309869e+00
5.578162376677819993e+05 -2.043470204887629370e+04 9.999999999935656092e+01 7.507418376897780021e+00
5.577539452051159460e+05 -2.048428502346073947e+04 9.999999999895678116e+01 7.507433482312452888e+00
5.576920864775908412e+05 -2.053386799804518159e+04 9.999999999840990483e+01 7.507448710277912163e+00
5.576306614834563807e+05 -2.058345097262963100e+04 1.000000000028784655e+02 7.507464017746896090e+00
5.575696702246017521e+05 -2.063303394721407312e+04 1.000000000009192149e+02 7.507479458869677380e+00
5.575091127000660636e+05 -2.068261692179851889e+04 1.000000000008373888e+02 7.507495006284678141e+00
5.574489889094608370e+05 -2.073219989638296829e+04 1.000000000001825953e+02 7.507510653247980059e+00
5.573892988537441706e+05 -2.078178287096741042e+04 9.999999999870728118e+01 7.507526424050507075e+00
5.573300425320469076e+05 -2.083136584555185618e+04 1.000000000009950156e+02 7.507542295340304150e+00
5.572712199447598541e+05 -2.088094882013629831e+04 9.999999999949524465e+01 7.507558284619101130e+00
5.572128310923309764e+05 -2.093053179472074771e+04 9.999999999925361749e+01 7.507574397946543243e+00
5.571548759738026420e+05 -2.098011476930518984e+04 9.999999999746648882e+01 7.507590618021950490e+00
5.570973545901285252e+05 -2.102969774388963560e+04 9.999999999941272222e+01 7.507606962561521158e+00
5.570402669409746304e+05 -2.107928071847408137e+04 1.000000000010097665e+02 7.507623429614409538e+00
5.569836130262357183e+05 -2.112886369305852713e+04 9.999999999959540276e+01 7.507640020769542843e+00
5.569273928458647570e+05 -2.117844666764297290e+04 9.999999999799013040e+01 7.507656732988372106e+00
5.568716063997523161e+05 -2.122802964222741502e+04 9.999999999901643832e+01 7.507673561334026857e+00
5.568162536879999097e+05 -2.127761261681186443e+04 1.000000000016660664e+02 7.507690512370596814e+00
5.567613347103274427e+05 -2.132719559139630655e+04 1.000000000003948060e+02 7.507707584607813622e+00
5.567068494676478440e+05 -2.137677856598075232e+04 9.999999999941371698e+01 7.507724798255767773e+00
5.566527979593070922e+05 -2.142636154056519808e+04 1.000000000003417000e+02 7.507742137492553702e+00
5.565991801851907512e+05 -2.147594451514964385e+04 1.000000000002976179e+02 7.507759602895180073e+00
5.565459961456930032e+05 -2.152552748973408598e+04 9.999999999849396204e+01 7.507777208233824773e+00
5.564932458404765930e+05 -2.157511046431853174e+04 9.999999999955232965e+01 7.507794939441766680e+00
5.564409292700740043e+05 -2.162469343890298114e+04 9.999999999990977528e+01 7.507812817631343449e+00
5.563890464337781304e+05 -2.167427641348742327e+04 9.999999999987848298e+01 7.507830823503714335e+00
5.563375973315803567e+05 -2.172385938807186903e+04 1.000000000019612543e+02 7.507848956752102509e+00
5.562865819643031573e+05 -2.177344236265631116e+04 1.000000000029156979e+02 7.507867246140983220e+00
5.562360003312076442e+05 -2.182302533724076056e+04 9.999999999975742071e+01 7.507885672302954561e+00
5.561858524328641361e+05 -2.187260831182520269e+04 1.000000000002617497e+02 7.507904247743521609e+00
5.561361382687283913e+05 -2.192219128640964846e+04 9.999999999957960028e+01 7.507922963778163705e+00
5.560868578388302121e+05 -2.197177426099409422e+04 1.000000000007433982e+02 7.507941819147268880e+00
5.560380111438658787e+05 -2.202135723557853998e+04 1.000000000025589628e+02 7.507960835027315483e+00
5.559895981827884680e+05 -2.207094021016298575e+04 1.000000000014312320e+02 7.507979989703370549e+00
5.559416189562276704e+05 -2.212052318474742788e+04 9.999999999987376498e+01 7.507999297563819674e+00
5.558940734641368035e+05 -2.217010615933187728e+04 9.999999999985352872e+01 7.508018760173063022e+00
5.558469617063862970e+05 -2.221968913391631941e+04 9.999999999965424990e+01 7.508038375079027382e+00
5.558002836833597394e+05 -2.226927210850076517e+04 9.999999999864249389e+01 7.508058157027132751e+00
5.557540393942643423e+05 -2.231885508308521094e+04 9.999999999983495513e+01 7.508078081469635734e+00
5.557082288401850965e+05 -2.236843805766965670e+04 9.999999999929706007e+01 7.508098185919944711e+00
5.556628520204705419e+05 -2.241802103225409883e+04 1.000000000011761188e+02 7.508118449493164981e+00
5.556179089347750414e+05 -2.246760400683854459e+04 9.999999999959835861e+01 7.508138867543983963e+00
5.555733995839045383e+05 -2.251718698142299399e+04 9.999999999962319919e+01 7.508159464686581686e+00
5.555293239674940705e+05 -2.256676995600743612e+04 1.000000000037340726e+02 7.508180227409212648e+00
5.554856820848198840e+05 -2.261635293059188189e+04 1.000000000014597958e+02 7.508201145913446339e+00
5.554424739366940921e+05 -2.266593590517632765e+04 9.999999999463605604e+01 7.508222244861625150e+00
5.553996995237101801e+05 -2.271551887976077342e+04 9.999999999952115104e+01 7.508243531133938831e+00
5.553573588444817578e+05 -2.276510185434521554e+04 1.000000000011840200e+02 7.508264976451268780e+00
5.553154519003465539e+05 -2.281468482892966131e+04 9.999999999765704217e+01 7.508286628191496170e+00
5.552739786897880258e+05 -2.286426780351410707e+04 9.999999999900916237e+01 7.508308429232423364e+00
5.552329392143769655e+05 -2.291385077809855284e+04 9.999999999840883902e+01 7.508330439985607896e+00
5.551923334731612122e+05 -2.296343375268299860e+04 9.999999999961028152e+01 7.508352628431395281e+00
5.551521614662503125e+05 -2.301301672726744073e+04 9.999999999847744903e+01 7.508375002523797193e+00
5.551124231937699951e+05 -2.306259970185189013e+04 9.999999999941162798e+01 7.508397566377892574e+00
5.550731186557873152e+05 -2.311218267643633226e+04 1.000000000011882548e+02 7.508420326853686433e+00
5.550342478519093711e+05 -2.316176565102077802e+04 1.000000000028274627e+02 7.508443271590047985e+00
5.549958107831245288e+05 -2.321134862560522379e+04 9.999999999950327378e+01 7.508466442379972072e+00
5.549578074480755022e+05 -2.326093160018966955e+04 9.999999999394583483e+01 7.508489792904236459e+00
5.549202378480251646e+05 -2.331051457477411168e+04 1.000000000003082050e+02 7.508513356632933622e+00
5.548831019823004026e+05 -2.336009754935855744e+04 1.000000000020098270e+02 7.508537127147531187e+00
5.548463998506413773e+05 -2.340968052394300685e+04 9.999999999838831855e+01 7.508561098475570184e+00
5.548101314538699808e+05 -2.345926349852744897e+04 1.000000000003859100e+02 7.508585294332581483e+00
5.547742967911907472e+05 -2.350884647311189474e+04 9.999999999984501642e+01 7.508609694812721003e+00
5.547388958629636327e+05 -2.355842944769634050e+04 1.000000000004934577e+02 7.508634312563406965e+00
5.547039286693091271e+05 -2.360801242228078627e+04 1.000000000005639578e+02 7.508659156911201116e+00
5.546693952099720482e+05 -2.365759539686522839e+04 1.000000000023035227e+02 7.508684218734158478e+00
5.546352954851016402e+05 -2.370717837144967416e+04 1.000000000006002807e+02 7.508709512285721033e+00
5.546016294942979002e+05 -2.375676134603411992e+04 1.000000000031024143e+02 7.508735016741334256e+00
5.545683972384303343e+05 -2.380634432061856569e+04 9.999999999393770622e+01 7.508760784256579335e+00
5.545355987169926520e+05 -2.385592729520300782e+04 9.999999999946118123e+01 7.508786775285749115e+00
5.545032339296225691e+05 -2.390551026978745722e+04 9.999999999902016157e+01 7.508812996799553829e+00
5.544713028765353374e+05 -2.395509324437190298e+04 9.999999999744620993e+01 7.508839454756424558e+00
5.544398055585211841e+05 -2.400467621895634511e+04 9.999999999969260500e+01 7.508866181282066066e+00
5.544087419744920917e+05 -2.405425919354079087e+04 9.999999999988300203e+01 7.508893140434727442e+00
5.543781121248749550e+05 -2.410384216812523664e+04 9.999999999934622963e+01 7.508920352281498900e+00
5.543479160099099390e+05 -2.415342514270968240e+04 1.000000000002643645e+02 7.508947828499244359e+00
5.543181536291191587e+05 -2.420300811729412453e+04 9.999999999919319293e+01 7.508975554368758409e+00
5.542888249831276480e+05 -2.425259109187857393e+04 9.999999999928338923e+01 7.509003558658409183e+00
5.542599300713461125e+05 -2.430217406646301606e+04 9.999999999838368581e+01 7.509031822710737991e+00
5.542314688938122708e+05 -2.435175704104746183e+04 9.999999999943989337e+01 7.509060347878243391e+00
5.542034414509146009e+05 -2.440134001563190759e+04 1.000000000009073347e+02 7.509089155283640515e+00
5.541758477423200384e+05 -2.445092299021635336e+04 1.000000000001622453e+02 7.509118237303221477e+00
5.541486877682242775e+05 -2.450050596480079912e+04 1.000000000005241674e+02 7.509147605473097009e+00
5.541219615285270847e+05 -2.455008893938524125e+04 1.000000000012884840e+02 7.509177258300687718e+00
5.540956690230503445e+05 -2.459967191396969065e+04 1.000000000000608935e+02 7.509207193941069391e+00
5.540698102523721755e+05 -2.464925488855413278e+04 9.999999999922100358e+01 7.509237440920122353e+00
5.540443852156301728e+05 -2.469883786313857854e+04 9.999999999748865775e+01 7.509267965848310133e+00
5.540193939139613649e+05 -2.474842083772302067e+04 9.999999999825944030e+01 7.509298822661180317e+00
5.539948363464302383e+05 -2.479800381230747007e+04 1.000000000008225811e+02 7.509329971567216155e+00
5.539707125132082729e+05 -2.484758678689191584e+04 9.999999999983481302e+01 7.509361432273027326e+00
5.539470224145327229e+05 -2.489716976147635796e+04 1.000000000001259224e+02 7.509393213821548230e+00
5.539237660502884537e+05 -2.494675273606080373e+04 9.999999999689639196e+01 7.509425321968270062e+00
5.539009434202298289e+05 -2.499633571064524949e+04 1.000000000004134932e+02 7.509457738196329224e+00
5.538785545248949202e+05 -2.504591868522969526e+04 9.999999999994983568e+01 7.509490505525385551e+00
5.538565993638472864e+05 -2.509550165981413738e+04 1.000000000019472566e+02 7.509523600392136622e+00
5.538350779369637603e+05 -2.514508463439858679e+04 1.000000000029629774e+02 7.509557024623394028e+00
5.538139902452287497e+05 -2.519466760898302891e+04 1.000000000000929816e+02 7.509590838647020483e+00
5.537933362871437566e+05 -2.524425058356747468e+04 1.000000000013305339e+02 7.509624959798668620e+00
5.537731160637415014e+05 -2.529383355815192044e+04 9.999999999974289722e+01 7.509659455308558051e+00
5.537533295750006801e+05 -2.534341653273636621e+04 1.000000000017164865e+02 7.509694324592705250e+00
5.537339768204637803e+05 -2.539299950732081197e+04 9.999999999944068918e+01 7.509729554572694532e+00
5.537150578005788848e+05 -2.544258248190525410e+04 1.000000000029908307e+02 7.509765168226997467e+00
5.536965725148329511e+05 -2.549216545648970350e+04 9.999999999957417174e+01 7.509801152564073767e+00
5.536785209634865168e+05 -2.554174843107414563e+04 9.999999999809374174e+01 7.509837521307352937e+00
5.536609031467633322e+05 -2.559133140565859139e+04 1.000000000006527188e+02 7.509874289724447038e+00
5.536437190644529182e+05 -2.564091438024303352e+04 1.000000000000566871e+02 7.509911462479066380e+00
5.536269687164331554e+05 -2.569049735482748292e+04 1.000000000013518502e+02 7.509949030759231370e+00
5.536106521027343115e+05 -2.574008032941192869e+04 1.000000000009822685e+02 7.509987006843948265e+00
5.535947692238694290e+05 -2.578966330399637081e+04 1.000000000001302567e+02 7.510025427176985957e+00
5.535793200790679548e+05 -2.583924627858082022e+04 9.999999999919678828e+01 7.510064252428158227e+00
5.535643046688491013e+05 -2.588882925316526234e+04 9.999999999942347984e+01 7.510103519212211864e+00
5.535497229928586166e+05 -2.593841222774970811e+04 9.999999999621958580e+01 7.510143216524086007e+00
5.535355750516939443e+05 -2.598799520233415024e+04 9.999999999967492670e+01 7.510183382529622698e+00
5.535218608446955914e+05 -2.603757817691859964e+04 9.999999999947102935e+01 7.510223990902412439e+00
5.535085803721265402e+05 -2.608716115150304176e+04 1.000000000003860094e+02 7.510265059578156155e+00
5.534957336340532638e+05 -2.613674412608748753e+04 1.000000000012814070e+02 7.510306604856396007e+00
5.534833206302290782e+05 -2.618632710067193329e+04 1.000000000008693064e+02 7.510348617652737424e+00
5.534713413609747076e+05 -2.623591007525637906e+04 9.999999999993460165e+01 7.510391127953177204e+00
5.534597958261254244e+05 -2.628549304984082482e+04 9.999999999811039686e+01 7.510434131783900291e+00
5.534486840256903088e+05 -2.633507602442526695e+04 1.000000000000203073e+02 7.510477635264008356e+00
5.534380059596658684e+05 -2.638465899900971635e+04 9.999999999996930455e+01 7.510521652690769656e+00
5.534277616280780639e+05 -2.643424197359415848e+04 1.000000000003622489e+02 7.510566191291740523e+00
5.534179510306989541e+05 -2.648382494817860425e+04 9.999999999912584769e+01 7.510611244616144155e+00
5.534085741680908250e+05 -2.653340792276304637e+04 9.999999999927781857e+01 7.510656862698808389e+00
5.533996310396967456e+05 -2.658299089734749577e+04 1.000000000006521503e+02 7.510703012199659412e+00
5.533911216458944837e+05 -2.663257387193194154e+04 1.000000000012298358e+02 7.510749734135379718e+00
5.533830459864663426e+05 -2.668215684651638367e+04 9.999999999950520646e+01 7.510797023533680061e+00
5.533754040613792604e+05 -2.673173982110083307e+04 9.999999999958282615e+01 7.510844883446187836e+00
5.533681958707841113e+05 -2.678132279568527520e+04 9.999999999821274344e+01 7.510893337889739563e+00
5.533614214145187289e+05 -2.683090577026972096e+04 9.999999999998124167e+01 7.510942383164670666e+00
5.533550806928296806e+05 -2.688048874485416309e+04 1.000000000003672085e+02 7.510992053022240711e+00
5.533491737054595724e+05 -2.693007171943861249e+04 1.000000000015918999e+02 7.511042334453706282e+00
5.533437004525003722e+05 -2.697965469402305462e+04 9.999999999982775023e+01 7.511093250773908103e+00
5.533386609340808354e+05 -2.702923766860750038e+04 9.999999999989580601e+01 7.511144820487015927e+00
5.533340551498385612e+05 -2.707882064319194978e+04 9.999999999790021832e+01 7.511197026880822136e+00
5.533298831002826337e+05 -2.712840361777639191e+04 9.999999999939316808e+01 7.511249923132618633e+00
5.533261447849234100e+05 -2.717798659236083768e+04 9.999999999859676336e+01 7.511303480822234313e+00
5.533228402042097878e+05 -2.722756956694527980e+04 9.999999999956716579e+01 7.511357753153053984e+00
5.533199693577797152e+05 -2.727715254152972921e+04 1.000000000003000764e+02 7.511412719883938216e+00
5.533175322458819719e+05 -2.732673551611417133e+04 1.000000000010246310e+02 7.511468417621126825e+00
5.533155288684213301e+05 -2.737631849069861710e+04 9.999999999859363697e+01 7.511524855037297499e+00
5.533139592250239803e+05 -2.742590146528306286e+04 9.999999999699551267e+01 7.511582004856721007e+00
5.533128233164297417e+05 -2.747548443986750863e+04 1.000000000025224836e+02 7.511639947724209065e+00
5.533121211421531625e+05 -2.752506741445195439e+04 1.000000000012961294e+02 7.511698665559941368e+00
5.533118527023274219e+05 -2.757465038903639652e+04 1.000000000004526441e+02 7.511758179166768912e+00
5.533120179969132878e+05 -2.762423336362084592e+04 9.999999999890107460e+01 7.511818499088281698e+00
5.533126170260466170e+05 -2.767381633820528805e+04 1.000000000000894858e+02 7.511879656087672608e+00
5.533136497894258937e+05 -2.772339931278973381e+04 9.999999999969210762e+01 7.511941636517065923e+00
5.533151162873555440e+05 -2.777298228737417958e+04 9.999999999808251516e+01 7.512004489167093624e+00
5.533170165195635054e+05 -2.782256526195862534e+04 1.000000000000539444e+02 7.512068196930741237e+00
5.533193504861583933e+05 -2.787214823654306747e+04 9.999999999753440250e+01 7.512132797555694630e+00
5.533221181874353206e+05 -2.792173121112751323e+04 1.000000000021613431e+02 7.512198330603890639e+00
5.533253196229770547e+05 -2.797131418571196264e+04 9.999999999960640196e+01 7.512264781483291465e+00
5.533289547928771935e+05 -2.802089716029640476e+04 1.000000000008671890e+02 7.512332168286394385e+00
5.533330236973034916e+05 -2.807048013488085053e+04 9.999999999956230567e+01 7.512400536551261609e+00
5.533375263361290563e+05 -2.812006310946529265e+04 1.000000000008425900e+02 7.512469885731724695e+00
5.533424627093661111e+05 -2.816964608404974206e+04 9.999999999824595420e+01 7.512540245115205018e+00
5.533478328170418972e+05 -2.821922905863418418e+04 1.000000000005438920e+02 7.512611628493975680e+00
5.533536366591454716e+05 -2.826881203321862995e+04 9.999999999987511501e+01 7.512684066655073600e+00
5.533598742355908034e+05 -2.831839500780307571e+04 9.999999999690928121e+01 7.512757565801463144e+00
5.533665455466066487e+05 -2.836797798238752148e+04 1.000000000005123439e+02 7.512832172543882692e+00
5.533736505919313058e+05 -2.841756095697196724e+04 1.000000000011057608e+02 7.512907883534035491e+00
5.533811893717006315e+05 -2.846714393155640937e+04 9.999999999954133045e+01 7.512984738294750997e+00
5.533891618859081063e+05 -2.851672690614085877e+04 9.999999999969455189e+01 7.513062759461349494e+00
5.533975681345544290e+05 -2.856630988072530090e+04 9.999999999932344963e+01 7.513141972216416775e+00
5.534064081176823238e+05 -2.861589285530974666e+04 1.000000000013530865e+02 7.513222406177037627e+00
5.534156818350823596e+05 -2.866547582989419243e+04 1.000000000003569056e+02 7.513304060185480360e+00
5.534253892870073905e+05 -2.871505880447863819e+04 9.999999999916533966e+01 7.513386998113396054e+00
5.534355304733348312e+05 -2.876464177906308032e+04 1.000000000019899318e+02 7.513471222666234794e+00
5.534461053940723650e+05 -2.881422475364752609e+04 1.000000000009321752e+02 7.513556770852663824e+00
5.534571140492793638e+05 -2.886380772823197549e+04 9.999999999858356148e+01 7.513643679681641707e+00
5.534685564388842322e+05 -2.891339070281641762e+04 9.999999999968925124e+01 7.513731961194721087e+00
5.534804325628257357e+05 -2.896297367740086338e+04 1.000000000002055600e+02 7.513821638950408222e+00
5.534927424213545164e+05 -2.901255665198530914e+04 9.999999999941665862e+01 7.513912787310429664e+00
5.535054860142000252e+05 -2.906213962656975491e+04 9.999999999987058175e+01 7.514005388414957132e+00
5.535186633415285032e+05 -2.911172260115419704e+04 1.000000000018607125e+02 7.514099502856207202e+00
5.535322744032198098e+05 -2.916130557573864280e+04 1.000000000018018511e+02 7.514195146354382793e+00
5.535463191994056106e+05 -2.921088855032308857e+04 1.000000000021241533e+02 7.514292373295949901e+00
5.535607977300191997e+05 -2.926047152490753433e+04 1.000000000054439226e+02 7.514391204184459383e+00
5.535757099949665135e+05 -2.931005449949198010e+04 1.000000000002770975e+02 7.514491664190279252e+00
5.535910559943610569e+05 -2.935963747407642222e+04 1.000000000004120579e+02 7.514593800327138418e+00
5.536068357282262295e+05 -2.940922044866087163e+04 1.000000000008401742e+02 7.514697658558313620e+00
5.536230491964692483e+05 -2.945880342324531375e+04 1.000000000000228937e+02 7.514803255936839399e+00
5.536396963991202647e+05 -2.950838639782975952e+04 9.999999999928216710e+01 7.514910637100374657e+00
5.536567773362789303e+05 -2.955796937241420528e+04 1.000000000005624230e+02 7.515019859782441358e+00
5.536742920078141615e+05 -2.960755234699865105e+04 9.999999999931957007e+01 7.515130937790437393e+00
5.536922404137720587e+05 -2.965713532158309317e+04 9.999999999982551913e+01 7.515243917603201318e+00
5.537106225541783497e+05 -2.970671829616753894e+04 1.000000000023458142e+02 7.515358843759214480e+00
5.537294384289517766e+05 -2.975630127075198834e+04 1.000000000009900845e+02 7.515475743196887493e+00
5.537486880382027011e+05 -2.980588424533643047e+04 1.000000000012249046e+02 7.515594677360524223e+00
5.537683713818576653e+05 -2.985546721992087623e+04 9.999999999919305083e+01 7.515715673844363565e+00
5.537884884599482175e+05 -2.990505019450532200e+04 1.000000000002048495e+02 7.515838775045370568e+00
5.538090392724336125e+05 -2.995463316908976776e+04 9.999999999603568313e+01 7.515964021128659134e+00
5.538300238193805562e+05 -3.000421614367420989e+04 9.999999999945819695e+01 7.516091456834263163e+00
5.538514421007019700e+05 -3.005379911825865565e+04 9.999999999915954163e+01 7.516221110648280579e+00
5.551030369755877182e+05 -3.208670107622091018e+04 9.999999999809583073e+01 7.522785079744660486e+00
5.551426721027913736e+05 -3.213628405080535231e+04 1.000000000048730442e+02 7.522823123980099780e+00
5.551827409644225845e+05 -3.218586702538980171e+04 1.000000000019446276e+02 7.522823797761206244e+00
5.552232435604839120e+05 -3.223544999997424384e+04 9.999999999781519477e+01 7.522779084144020523e+00
5.552641798909769859e+05 -3.228503297455868960e+04 9.999999999800382966e+01 7.522679228226625270e+00
5.553055499558997108e+05 -3.233461594914313173e+04 9.999999999593920563e+01 7.522512305201999538e+00
5.553473537552579073e+05 -3.238419892372758113e+04 9.999999999744629520e+01 7.522263666601447518e+00
5.553895912890487816e+05 -3.243378189831202326e+04 9.999999999852759913e+01 7.521915198231952537e+00
5.554322625572753605e+05 -3.248336487289646902e+04 1.000000000012879156e+02 7.521444386318705710e+00
5.554753675599459093e+05 -3.253294784748091479e+04 1.000000000017233361e+02 7.520823067428104025e+00
5.555189062970522791e+05 -3.258253082206536055e+04 1.000000000026877416e+02 7.520015667617738764e+00
5.555628787686126307e+05 -3.263211379664980632e+04 1.000000000008222116e+02 7.518977058342851905e+00
5.556072849746115971e+05 -3.268169677123424844e+04 9.999999999867229405e+01 7.517649223399688552e+00
5.556521249150710646e+05 -3.273127974581869785e+04 9.999999999913917748e+01 7.515957150629450467e+00
5.556973985899925465e+05 -3.278086272040314361e+04 9.999999999840083831e+01 7.513802520058432854e+00
5.557431059993853560e+05 -3.283044569498758210e+04 1.000000000010909815e+02 7.511055018095575520e+00
5.557892471432581078e+05 -3.288002866957202787e+04 9.999999999718419019e+01 7.507539533433678969e+00
5.558358220216372283e+05 -3.292961164415648091e+04 1.000000000036058339e+02 7.503017215707220799e+00
5.558828306345337769e+05 -3.297919461874091940e+04 1.000000000073114421e+02 7.497156425076906494e+00
5.559302729819819797e+05 -3.302877759332536516e+04 1.000000000023646294e+02 7.489487860027779220e+00
5.559781490640285192e+05 -3.307836056790981092e+04 1.000000000022882034e+02 7.479332223908420119e+00
5.560264588807353284e+05 -3.312794354249425669e+04 9.999999999775151593e+01 7.465680500141195886e+00
5.560752024322007783e+05 -3.317752651707870245e+04 1.000000000007126459e+02 7.446988020593508395e+00
5.561243797185771400e+05 -3.322710949166314822e+04 9.999999999815099727e+01 7.420804161937058829e+00
5.561739907401166856e+05 -3.327669246624759398e+04 9.999999998891105690e+01 7.383070858008594861e+00
5.562240354972559726e+05 -3.332627544083203975e+04 1.000000000043917510e+02 7.326707273645994611e+00
5.562745139908109559e+05 -3.337585841541648551e+04 9.999999999051206601e+01 7.238524428227458785e+00
5.563254262224576669e+05 -3.342544139000093128e+04 1.000000000041554813e+02 7.091806847733690411e+00
5.563767721961056814e+05 -3.347502436458537704e+04 1.000000000093057366e+02 6.826052765380816290e+00
5.563767721961056814e+05 -3.352460733916981553e+04 -9.093994879951548427e+00 1.355770043299127181e+01
5.563767721961056814e+05 -3.357419031375426130e+04 -1.026058064966153616e+01 1.288219041752488891e+01
5.563767721961056814e+05 -3.362377328833870706e+04 -1.056338921224230099e+01 1.273440933925904694e+01
5.563767721961056814e+05 -3.367335626292315283e+04 -1.064746888826790538e+01 1.269872021738543211e+01
5.563767721961056814e+05 -3.372293923750759859e+04 -1.064430053100829632e+01 1.270579489410137342e+01
5.563767721961056814e+05 -3.377252221209204436e+04 -1.059804831691272575e+01 1.273412849660539159e+01
5.563767721961056814e+05 -3.382210518667649012e+04 -1.052771386542239007e+01 1.277488132106308960e+01
5.563767721961056814e+05 -3.387168816126093589e+04 -1.044281562390416340e+01 1.282376246844428458e+01
5.563767721961056814e+05 -3.392127113584538165e+04 -1.034864340437441754e+01 1.287844665152816859e+01
5.563767721961056814e+05 -3.397085411042982014e+04 -1.024836778772920809e+01 1.293756998120199952e+01
5.563767721961056814e+05 -3.402043708501426590e+04 -1.014400152642417652e+01 1.300028849457345181e+01
5.563767721961056814e+05 -3.407002005959871894e+04 -1.003688113332073506e+01 1.306605471610929570e+01
5.563767721961056814e+05 -3.411960303418316471e+04 -9.927926690608314786e+00 1.313450611818028158e+01
5.563767721961056814e+05 -3.416918600876760320e+04 -9.817790423106515618e+00 1.320539537083260129e+01
5.563767721961056814e+05 -3.421876898335204896e+04 -9.706945993974489539e+00 1.327855419629417177e+01
5.563767721961056814e+05 -3.426835195793649473e+04 -9.595744322818799077e+00 1.335386749217425972e+01
5.563767721961056814e+05 -3.431793493252094049e+04 -9.484449750451908301e+00 1.343125878558491948e+01
5.563767721961056814e+05 -3.436751790710538626e+04 -9.373264143771050882e+00 1.351067884488697501e+01
5.563767721961056814e+05 -3.441710088168983202e+04 -9.262343410544703559e+00 1.359209941459769944e+01
5.563767721961056814e+05 -3.446668385627427779e+04 -9.151809072223953123e+00 1.367550989230343284e+01
5.563767721961056814e+05 -3.451626683085872355e+04 -9.041756482913971382e+00 1.376090983871835505e+01
5.576161180051947013e+05 -3.456584980544316932e+04 1.000000000000231211e+02 7.373075870726431447e+00
5.576774398531962652e+05 -3.461543278002760781e+04 1.000000000033242173e+02 7.383166628742750426e+00
5.577391954356714850e+05 -3.466501575461205357e+04 1.000000000015297985e+02 7.391927698351443254e+00
