5.082655936041892273e+05 -6.516520084883213215e+00 1.000000000023297559e+02 7.527161325580308926e+00
5.082378956162901595e+05 -5.778167594578848565e+01 1.000000000008733423e+02 7.527164494822182306e+00
5.082103315433015232e+05 -1.090468318066937599e+02 9.999999999942561146e+01 7.527167693756243949e+00
5.081829013830630574e+05 -1.603119876675990270e+02 1.000000000003685727e+02 7.527170903177745842e+00
5.081556051337915706e+05 -2.115771435285043083e+02 1.000000000004158807e+02 7.527174110093683979e+00
5.081284427976193256e+05 -2.628422993894095612e+02 9.999999999782114912e+01 7.527177334390222185e+00
5.081014143745022593e+05 -3.141074552503147856e+02 9.999999999960793673e+01 7.527180569672102806e+00
5.080745198633067193e+05 -3.653726111112200670e+02 9.999999999959545960e+01 7.527183811391979340e+00
5.080477592637757771e+05 -4.166377669721254051e+02 1.000000000010775665e+02 7.527187054550562806e+00
5.080211325791203999e+05 -4.679029228330306864e+02 9.999999999726338729e+01 7.527190333392005606e+00
5.079946398038802436e+05 -5.191680786939359677e+02 1.000000000002996785e+02 7.527193589533505147e+00
5.079682809445585590e+05 -5.704332345548411922e+02 9.999999999687010188e+01 7.527196891844827320e+00
5.079420559942609980e+05 -6.216983904157464167e+02 1.000000000004650218e+02 7.527200167599041869e+00
5.079159649589271285e+05 -6.729635462766517549e+02 1.000000000012799006e+02 7.527203477872556725e+00
5.078900078362619970e+05 -7.242287021375569793e+02 9.999999999932011008e+01 7.527206802411267716e+00
5.078641846250662929e+05 -7.754938579984623175e+02 9.999999999975915443e+01 7.527210126351318920e+00
5.078384953259747708e+05 -8.267590138593675420e+02 1.000000000018085302e+02 7.527213455462224978e+00
5.078129399398726528e+05 -8.780241697202727664e+02 1.000000000002177387e+02 7.527216803239404008e+00
5.077875184660823434e+05 -9.292893255811781046e+02 1.000000000007113670e+02 7.527220158152452711e+00
5.077622309052140336e+05 -9.805544814420833291e+02 1.000000000003476686e+02 7.527223527797108460e+00
5.077370772574138246e+05 -1.031819637302988667e+03 1.000000000001566889e+02 7.527226912954831484e+00
5.077120575213550474e+05 -1.083084793163893892e+03 1.000000000000393356e+02 7.527230302780476556e+00
5.076871716967629618e+05 -1.134349949024799344e+03 9.999999999984163424e+01 7.527233693720980057e+00
5.076624197859456181e+05 -1.185615104885704568e+03 1.000000000006119620e+02 7.527237105834272413e+00
5.076378017887850874e+05 -1.236880260746609792e+03 1.000000000008989787e+02 7.527240540626535470e+00
5.076133177023698227e+05 -1.288145416607515017e+03 1.000000000012512942e+02 7.527243970182014188e+00
5.075889675280483207e+05 -1.339410572468420469e+03 1.000000000001087415e+02 7.527247408160595121e+00
5.075647512679573847e+05 -1.390675728329325693e+03 9.999999999946571450e+01 7.527250872901725565e+00
5.075406689190967591e+05 -1.441940884190230918e+03 1.000000000013893100e+02 7.527254334604944752e+00
5.075167204827392125e+05 -1.493206040051136370e+03 1.000000000003415153e+02 7.527257810113337833e+00
5.074929059605621733e+05 -1.544471195912041594e+03 9.999999999950311746e+01 7.527261312110270275e+00
5.074692253478493076e+05 -1.595736351772946819e+03 1.000000000012676651e+02 7.527264794543069293e+00
5.074456786501121824e+05 -1.647001507633852043e+03 1.000000000020007178e+02 7.527268313391567212e+00
5.074222658636379056e+05 -1.698266663494757495e+03 1.000000000000807887e+02 7.527271834029169995e+00
5.073989869901451166e+05 -1.749531819355662492e+03 1.000000000015892994e+02 7.527275367268297934e+00
5.073758420302756713e+05 -1.800796975216567944e+03 9.999999999923137750e+01 7.527278926793585789e+00
5.073528309810758219e+05 -1.852062131077473168e+03 9.999999999712004239e+01 7.527282479247818792e+00
5.073299538454061258e+05 -1.903327286938378393e+03 9.999999999956889951e+01 7.527286050007098162e+00
5.073072106224750751e+05 -1.954592442799283617e+03 1.000000000007285195e+02 7.527289635577438354e+00
5.072846013110856293e+05 -2.005857598660189069e+03 9.999999999992027711e+01 7.527293225439972701e+00
5.072621259131392580e+05 -2.057122754521094521e+03 1.000000000000146798e+02 7.527296835044626988e+00
5.072397844271560898e+05 -2.108387910381999518e+03 1.000000000042659423e+02 7.527300448923726073e+00
5.072175768531237263e+05 -2.159653066242904515e+03 1.000000000002575149e+02 7.527304075292724939e+00
5.071955031919492758e+05 -2.210918222103809967e+03 1.000000000000241300e+02 7.527307715164356594e+00
5.071735634445370524e+05 -2.262183377964715419e+03 1.000000000005076544e+02 7.527311377145850635e+00
5.071517576076049590e+05 -2.313448533825620416e+03 1.000000000005228742e+02 7.527315033500800112e+00
5.071300856848910335e+05 -2.364713689686525868e+03 1.000000000013491928e+02 7.527318717153424821e+00
5.071085476739740698e+05 -2.415978845547431320e+03 9.999999999840979115e+01 7.527322409815153215e+00
5.070871435752540128e+05 -2.467244001408336317e+03 1.000000000008978418e+02 7.527326106520884075e+00
5.070658733907452552e+05 -2.518509157269241769e+03 1.000000000035918788e+02 7.527329832840613300e+00
5.070447371168417740e+05 -2.569774313130146766e+03 1.000000000013842083e+02 7.527333556908700096e+00
5.070237347555844462e+05 -2.621039468991052217e+03 1.000000000003996945e+02 7.527337294047935501e+00
5.070028663069847389e+05 -2.672304624851957669e+03 9.999999999933156403e+01 7.527341045209938741e+00
5.069821317714736215e+05 -2.723569780712863121e+03 1.000000000000255653e+02 7.527344813288211256e+00
5.069615311476268107e+05 -2.774834936573768118e+03 1.000000000011517471e+02 7.527348585589519026e+00
5.069410644362274907e+05 -2.826100092434673115e+03 1.000000000011683170e+02 7.527352370353076694e+00
5.069207316380809643e+05 -2.877365248295578567e+03 1.000000000005043574e+02 7.527356176391492681e+00
5.069005327521266881e+05 -2.928630404156484019e+03 1.000000000013876615e+02 7.527359990923659261e+00
5.068804677782875369e+05 -2.979895560017389016e+03 9.999999999943484852e+01 7.527363817035531035e+00
5.068605367184788920e+05 -3.031160715878294468e+03 9.999999999902615855e+01 7.527367670615423556e+00
5.068407395705403178e+05 -3.082425871739199920e+03 9.999999999935629091e+01 7.527371529801003547e+00
5.068210763336485834e+05 -3.133691027600104917e+03 9.999999999967884889e+01 7.527375387039087151e+00
5.068015470106691937e+05 -3.184956183461009914e+03 9.999999999992678568e+01 7.527379272390061438e+00
5.067821515990529442e+05 -3.236221339321915366e+03 1.000000000001405596e+02 7.527383159080033970e+00
5.067628901012709248e+05 -3.287486495182820818e+03 1.000000000011290382e+02 7.527387072364200016e+00
5.067437625156893046e+05 -3.338751651043726270e+03 1.000000000020982185e+02 7.527390996415125990e+00
5.067247688429990085e+05 -3.390016806904631721e+03 1.000000000005507843e+02 7.527394940058998785e+00
5.067059090822637663e+05 -3.441281962765536719e+03 1.000000000021247502e+02 7.527398888698457746e+00
5.066871832330339821e+05 -3.492547118626441716e+03 9.999999999918971127e+01 7.527402843898879148e+00
5.066685912984165479e+05 -3.543812274487347167e+03 1.000000000047279514e+02 7.527406827664412603e+00
5.066501332745259278e+05 -3.595077430348252619e+03 9.999999999931989692e+01 7.527410817405091770e+00
5.066318091632934520e+05 -3.646342586209157616e+03 1.000000000022534152e+02 7.527414813707530072e+00
5.066136189648871659e+05 -3.697607742070063068e+03 1.000000000004915108e+02 7.527418832077458433e+00
5.065955626793704578e+05 -3.748872897930968520e+03 9.999999999987605293e+01 7.527422867942095586e+00
5.065776403058459400e+05 -3.800138053791873517e+03 9.999999999836597908e+01 7.527426912435987383e+00
5.065598518461512867e+05 -3.851403209652778514e+03 9.999999999946327023e+01 7.527430983857711588e+00
5.065421972965805326e+05 -3.902668365513683966e+03 1.000000000014427854e+02 7.527435042601022808e+00
5.065246766626760364e+05 -3.953933521374589418e+03 1.000000000017409718e+02 7.527439151844514953e+00
5.065072899386317586e+05 -4.005198677235494870e+03 9.999999999897984537e+01 7.527443249218286780e+00
5.064900371268804884e+05 -4.056463833096400322e+03 1.000000000001967635e+02 7.527447354054009665e+00
5.064729182288301527e+05 -4.107728988957305774e+03 1.000000000001478639e+02 7.527451488818174496e+00
5.064559332434781827e+05 -4.158994144818210771e+03 1.000000000010091270e+02 7.527455639473988214e+00
5.064390821703632828e+05 -4.210259300679115768e+03 9.999999999982074428e+01 7.527459803855125031e+00
5.064223650090155425e+05 -4.261524456540020765e+03 9.999999999945293894e+01 7.527463973759521920e+00
5.064057817618633271e+05 -4.312789612400925762e+03 1.000000000042270329e+02 7.527468173059004286e+00
5.063893324246505508e+05 -4.364054768261830759e+03 9.999999999947243623e+01 7.527472366772600232e+00
5.063730170019179350e+05 -4.415319924122735756e+03 9.999999999902345849e+01 7.527476593587415721e+00
5.063568354917875258e+05 -4.466585079983641663e+03 1.000000000005245369e+02 7.527480836000067121e+00
5.063407878938093199e+05 -4.517850235844546660e+03 9.999999999967876363e+01 7.527485090394377742e+00
5.063248742085920530e+05 -4.569115391705452566e+03 9.999999999916532545e+01 7.527489363055415161e+00
5.063090944341546274e+05 -4.620380547566357563e+03 1.000000000005698269e+02 7.527493629663590369e+00
5.062934485727584688e+05 -4.671645703427262561e+03 9.999999999825260488e+01 7.527497921112471957e+00
5.062779366252550972e+05 -4.722910859288168467e+03 1.000000000020172024e+02 7.527502238778270183e+00
5.062625585891454248e+05 -4.774176015149073464e+03 1.000000000010039400e+02 7.527506562704895821e+00
5.062473144664646825e+05 -4.825441171009978461e+03 1.000000000009589343e+02 7.527510913422888805e+00
5.062322042553174542e+05 -4.876706326870884368e+03 9.999999999879059942e+01 7.527515270157399740e+00
5.062172279572440893e+05 -4.927971482731788456e+03 9.999999999938714268e+01 7.527519646425862021e+00
5.062023855727154296e+05 -4.979236638592694362e+03 1.000000000040347743e+02 7.527524047456218170e+00
5.061876770985203912e+05 -5.030501794453599359e+03 9.999999999993951860e+01 7.527528446663218631e+00
5.061731025382722728e+05 -5.081766950314504356e+03 9.999999999972300202e+01 7.527532875554792113e+00
5.061586618897551089e+05 -5.133032106175410263e+03 9.999999999890380309e+01 7.527537312017720694e+00
5.061443551538047031e+05 -5.184297262036315260e+03 1.000000000004151417e+02 7.527541763391013774e+00
5.061301823310121545e+05 -5.235562417897221167e+03 9.999999999969827513e+01 7.527546240824098511e+00
5.061161434202245437e+05 -5.286827573758126164e+03 1.000000000007503758e+02 7.527550727097082728e+00
5.061022384223786648e+05 -5.338092729619031161e+03 1.000000000005957759e+02 7.527555236345175871e+00
5.060884673363894108e+05 -5.389357885479937067e+03 1.000000000000550813e+02 7.527559755160009303e+00
5.060748301624325686e+05 -5.440623041340842065e+03 1.000000000014040467e+02 7.527564282514936700e+00
5.060613269026638009e+05 -5.491888197201747062e+03 9.999999999959177899e+01 7.527568850829901237e+00
5.060479575547821005e+05 -5.543153353062652968e+03 1.000000000001871570e+02 7.527573425551273623e+00
5.060347221191063873e+05 -5.594418508923557056e+03 1.000000000015407977e+02 7.527578012970060684e+00
5.060216205964304390e+05 -5.645683664784462962e+03 9.999999999959611330e+01 7.527582627515770675e+00
5.060086529848467326e+05 -5.696948820645367960e+03 9.999999999977444531e+01 7.527587239035277378e+00
5.059958192872050568e+05 -5.748213976506272957e+03 1.000000000002008562e+02 7.527591885601452759e+00
5.059831195013288525e+05 -5.799479132367178863e+03 1.000000000000628688e+02 7.527596540953968685e+00
5.059705536281437962e+05 -5.850744288228083860e+03 1.000000000017679298e+02 7.527601214887490677e+00
5.059581216675587348e+05 -5.902009444088989767e+03 9.999999999977002574e+01 7.527605910222290753e+00
5.059458236195269274e+05 -5.953274599949894764e+03 1.000000000006137952e+02 7.527610620927004170e+00
5.059336594832850387e+05 -6.004539755810799761e+03 9.999999999541778095e+01 7.527615347033058235e+00
5.059216292608226067e+05 -6.055804911671705668e+03 1.000000000002226699e+02 7.527620097445232084e+00
5.059097329506647657e+05 -6.107070067532610665e+03 1.000000000036537813e+02 7.527624864657572523e+00
5.058979705523700104e+05 -6.158335223393515662e+03 1.000000000004388028e+02 7.527629647739527030e+00
5.058863420665045851e+05 -6.209600379254421568e+03 9.999999999946108176e+01 7.527634446185937911e+00
5.058748474932406098e+05 -6.260865535115325656e+03 9.999999999947252149e+01 7.527639263317394303e+00
5.058634868338776869e+05 -6.312130690976231563e+03 1.000000000040779184e+02 7.527644112609240601e+00
5.058522600854000193e+05 -6.363395846837136560e+03 1.000000000007697167e+02 7.527648966466192526e+00
5.058411672493200167e+05 -6.414661002698041557e+03 1.000000000000598988e+02 7.527653834615247064e+00
5.058302083262443775e+05 -6.465926158558947463e+03 1.000000000001125642e+02 7.527658727858183241e+00
5.058193833157478948e+05 -6.517191314419852461e+03 9.999999999878582457e+01 7.527663642074003292e+00
5.058086922179164249e+05 -6.568456470280757458e+03 9.999999999834118114e+01 7.527668576874717132e+00
5.057981350317086326e+05 -6.619721626141663364e+03 9.999999999967697306e+01 7.527673516994020098e+00
5.057877117593215080e+05 -6.670986782002568361e+03 9.999999999999117506e+01 7.527678495046172813e+00
5.057774223987706937e+05 -6.722251937863474268e+03 9.999999999935900519e+01 7.527683484275581982e+00
5.057672669508057879e+05 -6.773517093724379265e+03 1.000000000016160158e+02 7.527688491258488490e+00
5.057572454150605481e+05 -6.824782249585284262e+03 1.000000000004338148e+02 7.527693516756614578e+00
5.057473577909645392e+05 -6.876047405446190169e+03 1.000000000034360852e+02 7.527698546601066631e+00
5.057376040808170801e+05 -6.927312561307094256e+03 1.000000000002814744e+02 7.527703621227981756e+00
5.057279842830476118e+05 -6.978577717168000163e+03 1.000000000006003518e+02 7.527708710711620732e+00
5.057184983978024684e+05 -7.029842873028905160e+03 9.999999999948134644e+01 7.527713822545729627e+00
5.057091464247693075e+05 -7.081108028889810157e+03 1.000000000003757066e+02 7.527718947781833592e+00
5.056999283641567454e+05 -7.132373184750716064e+03 9.999999999730626143e+01 7.527724095556381556e+00
5.056908442158910912e+05 -7.183638340611621061e+03 9.999999999860224875e+01 7.527729257228183535e+00
5.056818939806548296e+05 -7.234903496472526058e+03 9.999999999998050271e+01 7.527734447795228157e+00
5.056730776578898076e+05 -7.286168652333431965e+03 1.000000000003257554e+02 7.527739658572672354e+00
5.056643952472485835e+05 -7.337433808194336962e+03 9.999999999954209784e+01 7.527744885563643074e+00
5.056558467492255149e+05 -7.388698964055242868e+03 1.000000000004826433e+02 7.527750133819115064e+00
5.056474321630559280e+05 -7.439964119916147865e+03 9.999999999902452430e+01 7.527755394708601777e+00
5.056391514908464742e+05 -7.491229275777052862e+03 1.000000000005908163e+02 7.527760695801271495e+00
5.056310047302767052e+05 -7.542494431637958769e+03 1.000000000002351754e+02 7.527766007185087815e+00
5.056229918823313783e+05 -7.593759587498862857e+03 1.000000000001296172e+02 7.527771341408954875e+00
5.056151129465877893e+05 -7.645024743359767854e+03 9.999999999860685307e+01 7.527776694033589955e+00
5.056073679240113124e+05 -7.696289899220673760e+03 1.000000000004607870e+02 7.527782074409586244e+00
5.055997568127547274e+05 -7.747555055081578757e+03 9.999999999999975842e+01 7.527787460878047732e+00
5.055922796147599001e+05 -7.798820210942484664e+03 9.999999999630752257e+01 7.527792883533011903e+00
5.055849363300354453e+05 -7.850085366803389661e+03 9.999999999959766228e+01 7.527798333507583983e+00
5.055777269571379293e+05 -7.901350522664294658e+03 9.999999999899885950e+01 7.527803798808578861e+00
5.055706514960892382e+05 -7.952615678525200565e+03 9.999999999830625086e+01 7.527809276202292565e+00
5.055637099493548740e+05 -8.003880834386105562e+03 1.000000000007700578e+02 7.527814800098082237e+00
5.055569023124474916e+05 -8.055145990247011468e+03 9.999999999526556849e+01 7.527820313540710018e+00
5.055502285905609606e+05 -8.106411146107916466e+03 1.000000000009699477e+02 7.527825877695925705e+00
5.055436887799916440e+05 -8.157676301968821463e+03 9.999999999905368497e+01 7.527831453215631186e+00
5.055372828818415292e+05 -8.208941457829727369e+03 1.000000000009123937e+02 7.527837047169998463e+00
5.055310108964234241e+05 -8.260206613690632366e+03 9.999999999893717018e+01 7.527842670894280275e+00
5.055248728232118883e+05 -8.311471769551537363e+03 9.999999999921683980e+01 7.527848311348076749e+00
5.055188686629383010e+05 -8.362736925412442361e+03 9.999999999885575619e+01 7.527853982123157373e+00
5.055129984148224466e+05 -8.414002081273349177e+03 1.000000000003228280e+02 7.527859668948052807e+00
5.055072620791589725e+05 -8.465267237134252355e+03 9.999999999780054338e+01 7.527865382082256751e+00
5.055016596569574904e+05 -8.516532392995159171e+03 1.000000000002340670e+02 7.527871131161509410e+00
5.054961911465419107e+05 -8.567797548856064168e+03 9.999999999896918723e+01 7.527876894233097360e+00
5.054908565484537394e+05 -8.619062704716967346e+03 1.000000000001198686e+02 7.527882677154001279e+00
5.054856558625848265e+05 -8.670327860577874162e+03 1.000000000002365255e+02 7.527888480153471562e+00
5.054805890906943823e+05 -8.721593016438779159e+03 1.000000000012934578e+02 7.527894331068881506e+00
5.054756562296622433e+05 -8.772858172299684156e+03 9.999999999943987916e+01 7.527900181640785782e+00
5.054708572823589202e+05 -8.824123328160589153e+03 9.999999999934823336e+01 7.527906075719384305e+00
5.054661922467377735e+05 -8.875388484021495970e+03 1.000000000000494538e+02 7.527911979844040147e+00
5.054616611235330347e+05 -8.926653639882400967e+03 1.000000000000636788e+02 7.527917908838857031e+00
5.054572639133263147e+05 -8.977918795743305964e+03 1.000000000000531344e+02 7.527923870556905150e+00
5.054530006159424665e+05 -9.029183951604210961e+03 9.999999999956573049e+01 7.527929863339187122e+00
5.054488712304524379e+05 -9.080449107465117777e+03 9.999999999892656888e+01 7.527935871415132318e+00
5.054448757567675202e+05 -9.131714263326020955e+03 1.000000000048418656e+02 7.527941887112820751e+00
5.054410141966225929e+05 -9.182979419186927771e+03 1.000000000002069100e+02 7.527947956266691776e+00
5.054372865487848758e+05 -9.234244575047832768e+03 1.000000000046815956e+02 7.527954039440852618e+00
5.054336928136920324e+05 -9.285509730908735946e+03 9.999999999937362816e+01 7.527960161215757395e+00
5.054302329907879466e+05 -9.336774886769642762e+03 9.999999999871145917e+01 7.527966299591128063e+00
5.054269070801313501e+05 -9.388040042630547759e+03 9.999999999993910649e+01 7.527972458374144971e+00
5.054237150829476304e+05 -9.439305198491452757e+03 9.999999999986980015e+01 7.527978662423661760e+00
5.054206569974694867e+05 -9.490570354352357754e+03 9.999999999968348163e+01 7.527984878473331420e+00
5.054177328251121216e+05 -9.541835510213264570e+03 1.000000000001278693e+02 7.527991132441083089e+00
5.054149425639448455e+05 -9.593100666074169567e+03 9.999999999923824134e+01 7.527997390928259591e+00
5.054122862164961407e+05 -9.644365821935074564e+03 9.999999999899705472e+01 7.528003697723498533e+00
5.054097637806251296e+05 -9.695630977795979561e+03 9.999999999487181412e+01 7.528010018485596255e+00
5.054073752583173336e+05 -9.746896133656886377e+03 1.000000000012199735e+02 7.528016376994703940e+00
5.054051206484066206e+05 -9.798161289517789555e+03 1.000000000014808279e+02 7.528022766582803449e+00
5.054029999504363514e+05 -9.849426445378694552e+03 1.000000000011878143e+02 7.528029174793593015e+00
5.054010131647321396e+05 -9.900691601239601368e+03 9.999999999938530948e+01 7.528035607848675426e+00
5.053991602921680314e+05 -9.951956757100504547e+03 9.999999999858306410e+01 7.528042080148138027e+00
5.053974413324199268e+05 -1.000322191296141136e+04 9.999999999898670922e+01 7.528048585314407681e+00
5.053958562840899685e+05 -1.005448706882231636e+04 1.000000000001676312e+02 7.528055098967322500e+00
5.053944051493298030e+05 -1.010575222468322136e+04 1.000000000012686314e+02 7.528061660398527088e+00
5.053930879261346417e+05 -1.015701738054412635e+04 9.999999999975752019e+01 7.528068236625557574e+00
5.053919046156242839e+05 -1.020828253640503317e+04 9.999999999840417786e+01 7.528074845203684085e+00
5.053908552183568245e+05 -1.025954769226593817e+04 9.999999999841597287e+01 7.528081495695984948e+00
5.053899397328034975e+05 -1.031081284812684316e+04 9.999999999773450554e+01 7.528088161982171123e+00
5.053891581601362559e+05 -1.036207800398774816e+04 1.000000000000346603e+02 7.528094862168719814e+00
5.053885104998420575e+05 -1.041334315984865498e+04 1.000000000003270486e+02 7.528101592007931941e+00
5.053879967515073949e+05 -1.046460831570955816e+04 1.000000000004790195e+02 7.528108341548217730e+00
5.053876169169478817e+05 -1.051587347157046315e+04 1.000000000001579110e+02 7.528115146325845330e+00
5.053873709939280525e+05 -1.056713862743136997e+04 1.000000000010714558e+02 7.528121962511963972e+00
5.053872589838795830e+05 -1.061840378329227315e+04 1.000000000002773959e+02 7.528128820370537433e+00
5.053872808861596859e+05 -1.066966893915317996e+04 1.000000000006983640e+02 7.528135704188112953e+00
5.053874367004443775e+05 -1.072093409501408496e+04 9.999999999824102304e+01 7.528142612489585161e+00
5.053877264283720870e+05 -1.077219925087498996e+04 1.000000000007888588e+02 7.528149569914271311e+00
5.053881500681985635e+05 -1.082346440673589495e+04 1.000000000003153247e+02 7.528156549827178523e+00
5.053887076201298041e+05 -1.087472956259680177e+04 1.000000000006337046e+02 7.528163553128108809e+00
5.053893990848397953e+05 -1.092599471845770495e+04 9.999999999889581659e+01 7.528170595901159778e+00
5.053902244624480954e+05 -1.097725987431861176e+04 1.000000000004597922e+02 7.528177675753594755e+00
5.053911837520695408e+05 -1.102852503017951676e+04 1.000000000004940688e+02 7.528184779912665547e+00
5.053922769543384784e+05 -1.107979018604042358e+04 9.999999999943527484e+01 7.528191921113055685e+00
5.053935040695376229e+05 -1.113105534190132676e+04 1.000000000018464732e+02 7.528199099826265339e+00
5.053948650962094544e+05 -1.118232049776223175e+04 9.999999999999970157e+01 7.528206295868795195e+00
5.053963600364243612e+05 -1.123358565362313857e+04 1.000000000002716405e+02 7.528213544653300282e+00
5.053979888890269795e+05 -1.128485080948404175e+04 1.000000000016819115e+02 7.528220823190626021e+00
5.053997516537315678e+05 -1.133611596534494856e+04 9.999999999880795087e+01 7.528228131528438283e+00
5.054016483310002368e+05 -1.138738112120585356e+04 1.000000000005677236e+02 7.528235470929181439e+00
5.054036789206284448e+05 -1.143864627706675856e+04 9.999999999798477290e+01 7.528242846076868666e+00
5.054058434230373241e+05 -1.148991143292766355e+04 9.999999999686642127e+01 7.528250259376277675e+00
5.054081418381495168e+05 -1.154117658878857037e+04 9.999999999913565318e+01 7.528257709845440182e+00
5.054105741654440644e+05 -1.159244174464947355e+04 1.000000000004705925e+02 7.528265188828081378e+00
5.054131404053636943e+05 -1.164370690051038036e+04 9.999999999996846611e+01 7.528272708112982770e+00
5.054158405573666096e+05 -1.169497205637128536e+04 1.000000000011878853e+02 7.528280251808556756e+00
5.054186746223449591e+05 -1.174623721223219218e+04 1.000000000007951968e+02 7.528287844200148626e+00
5.054216425997548504e+05 -1.179750236809309536e+04 1.000000000000869278e+02 7.528295470325869765e+00
5.054247444895433146e+05 -1.184876752395400035e+04 9.999999999985107024e+01 7.528303130013911826e+00
5.054279802917582565e+05 -1.190003267981490717e+04 9.999999999967273823e+01 7.528310824285541436e+00
5.054313500068164431e+05 -1.195129783567581035e+04 1.000000000001533493e+02 7.528318562971618277e+00
5.054348536341390572e+05 -1.200256299153671716e+04 9.999999999918594540e+01 7.528326334682413190e+00
5.054384911737645161e+05 -1.205382814739762216e+04 1.000000000003951328e+02 7.528334137982230168e+00
5.054422626263918937e+05 -1.210509330325852716e+04 1.000000000017989805e+02 7.528341988506752180e+00
5.054461679913114058e+05 -1.215635845911943215e+04 1.000000000015016894e+02 7.528349875082197329e+00
5.054502072686427855e+05 -1.220762361498033897e+04 1.000000000014782131e+02 7.528357797235451621e+00
5.054543804584800382e+05 -1.225888877084124215e+04 9.999999999926957628e+01 7.528365760611403168e+00
5.054586875606563990e+05 -1.231015392670214896e+04 1.000000000007080985e+02 7.528373754592612599e+00
5.054631285762613406e+05 -1.236141908256305396e+04 1.000000000004914824e+02 7.528381810674225960e+00
5.054677035034986329e+05 -1.241268423842396078e+04 1.000000000005484964e+02 7.528389886529867070e+00
5.054724123432073393e+05 -1.246394939428486396e+04 1.000000000002576570e+02 7.528398001559847508e+00
5.054772550955640618e+05 -1.251521455014576895e+04 1.000000000007524363e+02 7.528406159199401593e+00
5.054822317604353302e+05 -1.256647970600667577e+04 1.000000000003786482e+02 7.528414357635957010e+00
5.054873423374001286e+05 -1.261774486186757895e+04 9.999999999421744690e+01 7.528422592216191589e+00
5.054925868275923422e+05 -1.266901001772848576e+04 1.000000000010931700e+02 7.528430873143974189e+00
5.054979652307389770e+05 -1.272027517358939076e+04 9.999999999837386611e+01 7.528439214964495640e+00
5.055034775454467745e+05 -1.277154032945029576e+04 9.999999999703192088e+01 7.528447574955566601e+00
5.055091237723851227e+05 -1.282280548531120075e+04 1.000000000005093597e+02 7.528455964081651963e+00
5.055149039124840056e+05 -1.287407064117210757e+04 9.999999999939952033e+01 7.528464416679576665e+00
5.055208179651336977e+05 -1.292533579703301075e+04 1.000000000006674554e+02 7.528472910408685159e+00
5.055268659302181914e+05 -1.297660095289391757e+04 1.000000000013512107e+02 7.528481445618894874e+00
5.055330478074485436e+05 -1.302786610875482256e+04 9.999999999979210941e+01 7.528490017361827213e+00
5.055393635978284292e+05 -1.307913126461572938e+04 9.999999999900559544e+01 7.528498647877740702e+00
5.055458133001991664e+05 -1.313039642047663256e+04 1.000000000034431622e+02 7.528507304001745837e+00
5.055523969149264740e+05 -1.318166157633753755e+04 1.000000000010909247e+02 7.528516007281278455e+00
5.055591144421788049e+05 -1.323292673219844437e+04 9.999999999922863481e+01 7.528524755065051366e+00
5.055659658824878279e+05 -1.328419188805934755e+04 1.000000000019227002e+02 7.528533556819191119e+00
5.055729512348391581e+05 -1.333545704392025436e+04 1.000000000002701483e+02 7.528542395705445145e+00
5.055800704996140557e+05 -1.338672219978115936e+04 1.000000000013956054e+02 7.528551275740296589e+00
5.055873236773913377e+05 -1.343798735564206436e+04 1.000000000001165859e+02 7.528560216608976674e+00
5.055947107680312474e+05 -1.348925251150296936e+04 1.000000000065917902e+02 7.528569206280568693e+00
5.056022317703585722e+05 -1.354051766736387617e+04 1.000000000039095767e+02 7.528578228592104793e+00
5.056098866845708690e+05 -1.359178282322477935e+04 9.999999999730518141e+01 7.528587285310145205e+00
5.056176755123613402e+05 -1.364304797908568617e+04 1.000000000000528786e+02 7.528596409276981483e+00
5.056255982523267157e+05 -1.369431313494659116e+04 1.000000000000059828e+02 7.528605573989045396e+00
5.056336549050127505e+05 -1.374557829080749798e+04 9.999999999914278703e+01 7.528614793711257747e+00
5.056418454699911526e+05 -1.379684344666840116e+04 1.000000000000476490e+02 7.528624054539391430e+00
5.056501699471021420e+05 -1.384810860252930615e+04 1.000000000006749161e+02 7.528633353193625588e+00
5.056586283374715131e+05 -1.389937375839021297e+04 1.000000000005054659e+02 7.528642722504544693e+00
5.056672206400500145e+05 -1.395063891425111615e+04 9.999999999938590634e+01 7.528652134425933617e+00
5.056759468550204183e+05 -1.400190407011202296e+04 1.000000000005250342e+02 7.528661590780997059e+00
5.056848069826608407e+05 -1.405316922597292796e+04 1.000000000012647092e+02 7.528671102720990049e+00
5.056938010225790204e+05 -1.410443438183383296e+04 1.000000000010908110e+02 7.528680659032445988e+00
5.057029289754055790e+05 -1.415569953769473796e+04 9.999999999975051423e+01 7.528690278507385258e+00
5.057121908404105925e+05 -1.420696469355564477e+04 1.000000000008551808e+02 7.528699938467346087e+00
5.057215866176238051e+05 -1.425822984941654795e+04 1.000000000000823093e+02 7.528709643781291483e+00
5.057311163077127421e+05 -1.430949500527745477e+04 1.000000000007616734e+02 7.528719410231044407e+00
5.057407799104436417e+05 -1.436076016113835976e+04 9.999999999984876808e+01 7.528729235088833072e+00
5.057505774252969422e+05 -1.441202531699926476e+04 9.999999999867682732e+01 7.528739101903150654e+00
5.057605088530674111e+05 -1.446329047286016976e+04 9.999999999994776090e+01 7.528749031254898583e+00
5.057705741930492222e+05 -1.451455562872107475e+04 9.999999999968709119e+01 7.528759007576968365e+00
5.057807734460571664e+05 -1.456582078458198157e+04 1.000000000006826468e+02 7.528769052929879635e+00
5.057911066106359940e+05 -1.461708594044288475e+04 1.000000000052092446e+02 7.528779122320539585e+00
5.058015736883435748e+05 -1.466835109630379156e+04 9.999999999804569484e+01 7.528789275913887025e+00
5.058121746785745490e+05 -1.471961625216469656e+04 1.000000000006209575e+02 7.528799477153248709e+00
5.058229095811760053e+05 -1.477088140802560156e+04 1.000000000009443824e+02 7.528809731725286447e+00
5.058337783964701812e+05 -1.482214656388650656e+04 9.999999999949844209e+01 7.528820050527788688e+00
5.058447811237177229e+05 -1.487341171974741337e+04 9.999999999921988092e+01 7.528830408716197908e+00
5.058559177643213188e+05 -1.492467687560831655e+04 1.000000000018489885e+02 7.528840847718263340e+00
5.058671883167797350e+05 -1.497594203146922337e+04 1.000000000000013216e+02 7.528851329349532939e+00
5.058785927816886106e+05 -1.502720718733012836e+04 1.000000000003382752e+02 7.528861864813974236e+00
5.058901311593634309e+05 -1.507847234319103336e+04 9.999999999965795894e+01 7.528872468291115005e+00
5.059018034493195009e+05 -1.512973749905193836e+04 9.999999999954485475e+01 7.528883124383369818e+00
5.059136096522463486e+05 -1.518100265491284335e+04 1.000000000020002489e+02 7.528893851887594302e+00
5.059255497673812206e+05 -1.523226781077375017e+04 9.999999999948023799e+01 7.528904635620739860e+00
5.059376237949131755e+05 -1.528353296663465335e+04 1.000000000005029648e+02 7.528915473626110355e+00
5.059498317352360464e+05 -1.533479812249556016e+04 1.000000000014609753e+02 7.528926381847345084e+00
5.059621735877717729e+05 -1.538606327835646516e+04 1.000000000004096563e+02 7.528937344760235462e+00
5.059746493525789701e+05 -1.543732843421737016e+04 9.999999999627932823e+01 7.528948365267928544e+00
5.059872590304806945e+05 -1.548859359007827516e+04 1.000000000005393304e+02 7.528959460146944060e+00
5.060000026204998721e+05 -1.553985874593918197e+04 9.999999999835853259e+01 7.528970612055067235e+00
5.060128801233017002e+05 -1.559112390180008515e+04 1.000000000000331113e+02 7.528981833107058819e+00
5.060258915386895533e+05 -1.564238905766099197e+04 9.999999999839685927e+01 7.528993125246681295e+00
5.060390368660902604e+05 -1.569365421352189696e+04 9.999999999922516736e+01 7.529004463030760874e+00
5.060523161064021406e+05 -1.574491936938280196e+04 1.000000000011546888e+02 7.529015879712102510e+00
5.060657292591260630e+05 -1.579618452524370696e+04 9.999999999951040763e+01 7.529027362584602479e+00
5.060792763245609240e+05 -1.584744968110461195e+04 9.999999999948830975e+01 7.529038918456929963e+00
5.060929573018108495e+05 -1.589871483696551877e+04 9.999999999941776707e+01 7.529050517170264634e+00
5.061067721919566975e+05 -1.594997999282642195e+04 9.999999999824723318e+01 7.529062198835291042e+00
5.061207209949844400e+05 -1.600124514868732876e+04 9.999999999989672972e+01 7.529073959542549765e+00
5.061348037098890054e+05 -1.605251030454823376e+04 9.999999999918885862e+01 7.529085769504572312e+00
5.061490203378113802e+05 -1.610377546040913876e+04 9.999999999976813569e+01 7.529097666320638815e+00
5.061633708780431771e+05 -1.615504061627004376e+04 9.999999999944154183e+01 7.529109627104713987e+00
5.061778553306194372e+05 -1.620630577213095057e+04 9.999999999760964897e+01 7.529121654668685437e+00
5.061924736959620495e+05 -1.625757092799185375e+04 1.000000000000881784e+02 7.529133759371033463e+00
5.062072259737943532e+05 -1.630883608385276057e+04 1.000000000018127366e+02 7.529145936806618700e+00
5.062221121635775198e+05 -1.636010123971366556e+04 9.999999999744630941e+01 7.529158171767617702e+00
5.062371322667026543e+05 -1.641136639557457238e+04 1.000000000008802772e+02 7.529170504501994543e+00
5.062522862819381990e+05 -1.646263155143547556e+04 1.000000000001822542e+02 7.529182900529968414e+00
5.062675742095657624e+05 -1.651389670729637874e+04 1.000000000000088676e+02 7.529195366875175210e+00
5.062829960500188754e+05 -1.656516186315728555e+04 1.000000000029946534e+02 7.529207917246413473e+00
5.062985518023841432e+05 -1.661642701901819237e+04 9.999999999908696680e+01 7.529220527840159605e+00
5.063142414677299093e+05 -1.666769217487909555e+04 1.000000000003704770e+02 7.529233228288723545e+00
5.063300650455639698e+05 -1.671895733074000236e+04 9.999999999963969799e+01 7.529246008239108612e+00
5.063460225359277683e+05 -1.677022248660090918e+04 1.000000000009125216e+02 7.529258865295864744e+00
5.063621139386795112e+05 -1.682148764246181599e+04 9.999999999952665064e+01 7.529271798838047758e+00
5.063783392537522595e+05 -1.687275279832271917e+04 1.000000000006605774e+02 7.529284802507769214e+00
5.063946984815368778e+05 -1.692401795418362599e+04 9.999999999970650322e+01 7.529297897173641729e+00
5.064111916218811530e+05 -1.697528311004452917e+04 9.999999999858715682e+01 7.529311074907059087e+00
5.064278186745361891e+05 -1.702654826590543598e+04 9.999999999566861675e+01 7.529324328181796311e+00
5.064445796398534440e+05 -1.707781342176634280e+04 9.999999999824233043e+01 7.529337665779405775e+00
5.064614745176591096e+05 -1.712907857762724598e+04 1.000000000007868692e+02 7.529351085453358294e+00
5.064785033081083093e+05 -1.718034373348814916e+04 9.999999999957556440e+01 7.529364599039610972e+00
5.064956660107325297e+05 -1.723160888934905597e+04 9.999999999848674292e+01 7.529378183343874653e+00
5.065129626259954530e+05 -1.728287404520996279e+04 9.999999999840837006e+01 7.529391858369316459e+00
5.065303931540113990e+05 -1.733413920107086597e+04 1.000000000010092975e+02 7.529405627499460074e+00
5.065479575940798386e+05 -1.738540435693177278e+04 1.000000000000253237e+02 7.529419467951789180e+00
5.065656559471486253e+05 -1.743666951279267596e+04 9.999999999995047517e+01 7.529433416864756978e+00
5.065834882124987780e+05 -1.748793466865358278e+04 1.000000000001698339e+02 7.529447444772382703e+00
5.066014543903026497e+05 -1.753919982451448959e+04 1.000000000000383835e+02 7.529461561653211454e+00
5.066195544806201942e+05 -1.759046498037539277e+04 9.999999999933869788e+01 7.529475768054014750e+00
5.066377884835353470e+05 -1.764173013623629959e+04 9.999999999827359431e+01 7.529490071705465581e+00
5.066561563990827417e+05 -1.769299529209720640e+04 9.999999999849958954e+01 7.529504471427872936e+00
5.066746582267290796e+05 -1.774426044795810958e+04 9.999999999809888607e+01 7.529518947237666460e+00
5.066932939670463675e+05 -1.779552560381901640e+04 9.999999999950215113e+01 7.529533522940766943e+00
5.067120636197886197e+05 -1.784679075967991957e+04 9.999999999971034015e+01 7.529548190816141684e+00
5.067309671850550803e+05 -1.789805591554082275e+04 9.999999999973390175e+01 7.529562955252089296e+00
5.067500046630296856e+05 -1.794932107140173321e+04 9.999999999909439907e+01 7.529577826340791091e+00
5.067691760535825742e+05 -1.800058622726263638e+04 1.000000000054952523e+02 7.529592792378251964e+00
5.067884813564881915e+05 -1.805185138312353956e+04 1.000000000020696120e+02 7.529607859336669762e+00
5.068079205716387951e+05 -1.810311653898444638e+04 9.999999999947559104e+01 7.529623012299142104e+00
5.068274936994609889e+05 -1.815438169484535319e+04 9.999999999946990670e+01 7.529638271560576079e+00
5.068472007400182774e+05 -1.820564685070625637e+04 1.000000000000025437e+02 7.529653642789676304e+00
5.068670416927610640e+05 -1.825691200656716319e+04 9.999999999980815346e+01 7.529669101524149255e+00
5.068870165580612957e+05 -1.830817716242806637e+04 1.000000000000829345e+02 7.529684665768084706e+00
5.069071253361399285e+05 -1.835944231828897318e+04 9.999999999814976093e+01 7.529700350676448828e+00
5.069273680264277500e+05 -1.841070747414988000e+04 1.000000000018218458e+02 7.529716120638435761e+00
5.069477446293737157e+05 -1.846197263001078318e+04 9.999999999913471527e+01 7.529732010708737100e+00
5.069682551448856248e+05 -1.851323778587168636e+04 1.000000000012158523e+02 7.529748007296848122e+00
5.069888995726553840e+05 -1.856450294173259317e+04 9.999999999976371612e+01 7.529764102948263371e+00
5.070096779130229843e+05 -1.861576809759349999e+04 1.000000000003476543e+02 7.529780312184189306e+00
5.070305901656204951e+05 -1.866703325345440317e+04 9.999999998940465673e+01 7.529796626869135423e+00
5.070516363312999601e+05 -1.871829840931530998e+04 1.000000000006523209e+02 7.529813064718194227e+00
5.070728164091965882e+05 -1.876956356517621316e+04 1.000000000010833361e+02 7.529829609746745867e+00
5.070941303996953066e+05 -1.882082872103711998e+04 1.000000000003986571e+02 7.529846275101019337e+00
5.071155783025767305e+05 -1.887209387689802679e+04 1.000000000007057821e+02 7.529863048529610303e+00
5.071371601181338192e+05 -1.892335903275892997e+04 9.999999999998119904e+01 7.529879948190767891e+00
5.071588758459272794e+05 -1.897462418861983679e+04 1.000000000005329071e+02 7.529896949971377040e+00
5.071807254866048461e+05 -1.902588934448074360e+04 1.000000000019166038e+02 7.529914090611977251e+00
5.072027090390701778e+05 -1.907715450034164678e+04 9.999999999687477725e+01 7.529931317879922759e+00
5.072248265049465117e+05 -1.912841965620255360e+04 1.000000000009579111e+02 7.529948707854290824e+00
5.072470778827687609e+05 -1.917968481206345677e+04 9.999999999661845607e+01 7.529966197217780710e+00
5.072694631733831484e+05 -1.923094996792435995e+04 1.000000000002572591e+02 7.529983819319594929e+00
5.072919823762536398e+05 -1.928221512378527041e+04 1.000000000018601440e+02 7.530001553393857350e+00
5.073146354916297714e+05 -1.933348027964617359e+04 1.000000000005506706e+02 7.530019417707403129e+00
5.073374225196000189e+05 -1.938474543550707676e+04 9.999999999860487776e+01 7.530037414212622515e+00
5.073603434602262569e+05 -1.943601059136798358e+04 9.999999999842135878e+01 7.530055547488530898e+00
5.073833983133136062e+05 -1.948727574722889040e+04 1.000000000009463434e+02 7.530073806269233394e+00
5.074065870786542073e+05 -1.953854090308979357e+04 1.000000000025436009e+02 7.530092181838930365e+00
5.074299097566893906e+05 -1.958980605895070039e+04 1.000000000003499423e+02 7.530110705905844526e+00
5.074533663471644977e+05 -1.964107121481160357e+04 1.000000000001286224e+02 7.530129358024967523e+00
5.074769568501107860e+05 -1.969233637067250675e+04 1.000000000007708536e+02 7.530148143271958361e+00
5.075006812655414105e+05 -1.974360152653341720e+04 9.999999999823604924e+01 7.530167067195026931e+00
5.075245395936912391e+05 -1.979486668239432038e+04 1.000000000001002007e+02 7.530186138905494708e+00
5.075485318341589882e+05 -1.984613183825522356e+04 1.000000000008205205e+02 7.530205340373413492e+00
5.075726579872237053e+05 -1.989739699411613037e+04 1.000000000009901271e+02 7.530224689766835233e+00
5.075969180527193239e+05 -1.994866214997703719e+04 1.000000000009198544e+02 7.530244178032542202e+00
5.076213120307745994e+05 -1.999992730583794037e+04 1.000000000023943159e+02 7.530263812115598476e+00
5.076458399213620578e+05 -2.005119246169884718e+04 9.999999999948187224e+01 7.530283598802861356e+00
5.076705017241018359e+05 -2.010245761755975036e+04 1.000000000012690151e+02 7.530303505645903783e+00
5.076952974398144288e+05 -2.015372277342065718e+04 1.000000000020040005e+02 7.530323593352953537e+00
5.077202270679171779e+05 -2.020498792928156399e+04 1.000000000005856009e+02 7.530343826813565400e+00
5.077452906084934948e+05 -2.025625308514246717e+04 1.000000000000075602e+02 7.530364209269476916e+00
5.077704880613275454e+05 -2.030751824100337035e+04 9.999999999847572951e+01 7.530384730162666074e+00
5.077958194270624663e+05 -2.035878339686427717e+04 9.999999999882574286e+01 7.530405431808918415e+00
5.078212847051337594e+05 -2.041004855272518398e+04 1.000000000005823466e+02 7.530426279174104565e+00
5.078468838956937543e+05 -2.046131370858609080e+04 9.999999999838935594e+01 7.530447287665798406e+00
5.078726169987524627e+05 -2.051257886444699398e+04 9.999999999885625357e+01 7.530468453815429619e+00
5.078984840142807807e+05 -2.056384402030789715e+04 9.999999999949775997e+01 7.530489780429345359e+00
5.079244849423080450e+05 -2.061510917616880761e+04 1.000000000001374190e+02 7.530511270722893613e+00
5.079506197829719167e+05 -2.066637433202971079e+04 1.000000000003483791e+02 7.530532937597285148e+00
5.079768885358762345e+05 -2.071763948789061396e+04 9.999999999730081868e+01 7.530554755600749495e+00
5.080032912016416667e+05 -2.076890464375152078e+04 1.000000000007636203e+02 7.530576764670771972e+00
5.080298277796038310e+05 -2.082016979961242760e+04 1.000000000016858479e+02 7.530598924444336539e+00
5.080564982699610409e+05 -2.087143495547333077e+04 9.999999999667137729e+01 7.530621254543232723e+00
5.080833026734724990e+05 -2.092270011133423759e+04 9.999999999943912599e+01 7.530643803206310771e+00
5.081102409888882539e+05 -2.097396526719514077e+04 1.000000000021159678e+02 7.530666483168873881e+00
5.081373132170914905e+05 -2.102523042305604395e+04 9.999999999867837630e+01 7.530689370166329333e+00
5.081645193576988531e+05 -2.107649557891695440e+04 1.000000000003168452e+02 7.530712426509213131e+00
5.081918594108019024e+05 -2.112776073477785758e+04 1.000000000005256595e+02 7.530735666570528508e+00
5.082193333764018025e+05 -2.117902589063876076e+04 1.000000000007453735e+02 7.530759091729994914e+00
5.082469412546359817e+05 -2.123029104649966757e+04 9.999999999941427120e+01 7.530782717237286761e+00
5.082746830453012954e+05 -2.128155620236057439e+04 9.999999999783138094e+01 7.530806525069989377e+00
5.083025587482050760e+05 -2.133282135822147757e+04 9.999999999843656440e+01 7.530830502763885548e+00
5.083305683640021598e+05 -2.138408651408238438e+04 1.000000000015631798e+02 7.530854703481669965e+00
5.083587118921504589e+05 -2.143535166994328756e+04 9.999999999896084546e+01 7.530879093376454669e+00
5.083869893327697064e+05 -2.148661682580419438e+04 1.000000000009023609e+02 7.530903674658010694e+00
5.084154006859192741e+05 -2.153788198166510119e+04 1.000000000004049241e+02 7.530928460909979805e+00
5.084439459515212220e+05 -2.158914713752600437e+04 9.999999999987753085e+01 7.530953445564411375e+00
5.084726251297242707e+05 -2.164041229338690755e+04 9.999999999903376136e+01 7.530978644724583226e+00
5.085014382205149741e+05 -2.169167744924781437e+04 9.999999999989583443e+01 7.531004056920131973e+00
5.085303852234715596e+05 -2.174294260510872118e+04 1.000000000015804886e+02 7.531029648508947183e+00
5.085594661391351256e+05 -2.179420776096962800e+04 1.000000000009475087e+02 7.531055472858507294e+00
5.085886809673390817e+05 -2.184547291683053118e+04 9.999999999745276114e+01 7.531081516852784929e+00
5.086180297080104938e+05 -2.189673807269143435e+04 1.000000000004075531e+02 7.531107770503493448e+00
5.086475123613144387e+05 -2.194800322855234481e+04 1.000000000002385718e+02 7.531134257387758879e+00
5.086771289269387489e+05 -2.199926838441324799e+04 9.999999999776470361e+01 7.531160952348217918e+00
5.087068794052149751e+05 -2.205053354027415116e+04 1.000000000001715250e+02 7.531187881134057349e+00
5.087367637958235573e+05 -2.210179869613505798e+04 1.000000000006447749e+02 7.531215023006586406e+00
5.087667820990529144e+05 -2.215306385199596480e+04 1.000000000008946444e+02 7.531242406360732389e+00
5.087969343147192267e+05 -2.220432900785686797e+04 1.000000000006758256e+02 7.531270015467271151e+00
5.088272204429503763e+05 -2.225559416371777479e+04 1.000000000005313154e+02 7.531297866752324488e+00
5.088576404835659196e+05 -2.230685931957867797e+04 9.999999999885999102e+01 7.531325945504855568e+00
5.088881944368515396e+05 -2.235812447543958115e+04 9.999999999961977437e+01 7.531354279391714535e+00
5.089188823026354075e+05 -2.240938963130049160e+04 1.000000000036807535e+02 7.531382853263823840e+00
5.089497040807468584e+05 -2.246065478716139478e+04 1.000000000017105464e+02 7.531411660356048365e+00
5.089806597715240205e+05 -2.251191994302229796e+04 9.999999999890812319e+01 7.531440734701183359e+00
5.090117493747214321e+05 -2.256318509888320477e+04 1.000000000014852333e+02 7.531470047300156345e+00
5.090429728904964286e+05 -2.261445025474411159e+04 9.999999999970422948e+01 7.531499626900633793e+00
5.090743303186770063e+05 -2.266571541060501477e+04 9.999999999946214757e+01 7.531529451896301630e+00
5.091058216594581027e+05 -2.271698056646592158e+04 9.999999999860477828e+01 7.531559549281783283e+00
5.091374469127146294e+05 -2.276824572232682476e+04 1.000000000003458638e+02 7.531589904850569006e+00
5.091692060784887872e+05 -2.281951087818773158e+04 9.999999999662367145e+01 7.531620533995405431e+00
5.092010991567343008e+05 -2.287077603404863839e+04 1.000000000020844197e+02 7.531651421209915043e+00
5.092331261474985513e+05 -2.292204118990954157e+04 9.999999999983083399e+01 7.531682590011178569e+00
5.092652870507301413e+05 -2.297330634577044475e+04 9.999999999997480415e+01 7.531714028475378520e+00
5.092975818665034021e+05 -2.302457150163135157e+04 1.000000000004747562e+02 7.531745750609196044e+00
5.093300105947758420e+05 -2.307583665749225838e+04 1.000000000002124381e+02 7.531777755244643657e+00
5.093625732356056105e+05 -2.312710181335316520e+04 9.999999999544789375e+01 7.531810056336093240e+00
5.093952697888370021e+05 -2.317836696921406838e+04 9.999999999967337772e+01 7.531842625908529598e+00
5.094281002546710661e+05 -2.322963212507497155e+04 9.999999999851279142e+01 7.531875504777382879e+00
5.094610646329248557e+05 -2.328089728093588201e+04 1.000000000001423501e+02 7.531908666167442590e+00
5.094941629237550078e+05 -2.333216243679678519e+04 1.000000000024133300e+02 7.531942134711110626e+00
5.095273951270219404e+05 -2.338342759265768836e+04 9.999999999880560608e+01 7.531975902188395189e+00
5.095607612428764696e+05 -2.343469274851859518e+04 9.999999999984508747e+01 7.532009982694314765e+00
5.095942612711220863e+05 -2.348595790437950200e+04 9.999999999727815236e+01 7.532044360509616787e+00
5.096278952120150789e+05 -2.353722306024040518e+04 9.999999999996312283e+01 7.532079064993714823e+00
5.096616630652982858e+05 -2.358848821610131199e+04 1.000000000003812772e+02 7.532114071597826310e+00
5.096955648311249679e+05 -2.363975337196221517e+04 1.000000000011340688e+02 7.532149403816073452e+00
5.097296005094206193e+05 -2.369101852782311835e+04 1.000000000015365487e+02 7.532185053725989121e+00
5.097637701002727263e+05 -2.374228368368402880e+04 1.000000000017453914e+02 7.532221037595715707e+00
5.097980736035768059e+05 -2.379354883954493198e+04 1.000000000009172823e+02 7.532257344207939909e+00
5.098325110194002045e+05 -2.384481399540583516e+04 1.000000000011144294e+02 7.532293986662123686e+00
5.098670823477869271e+05 -2.389607915126674197e+04 1.000000000004684324e+02 7.532330974213100383e+00
5.099017875886067632e+05 -2.394734430712764879e+04 1.000000000029606042e+02 7.532368289772763070e+00
5.099366267419799115e+05 -2.399860946298855197e+04 9.999999999994787458e+01 7.532405961002244688e+00
5.099715998078133562e+05 -2.404987461884945878e+04 1.000000000001507061e+02 7.532443970892687801e+00
5.100067067862104159e+05 -2.410113977471036196e+04 9.999999999997598366e+01 7.532482341176077512e+00
5.100419476770639303e+05 -2.415240493057126878e+04 1.000000000048565596e+02 7.532521053439664271e+00
5.100773224803463090e+05 -2.420367008643217559e+04 1.000000000004431087e+02 7.532560120484498078e+00
5.101128311961931759e+05 -2.425493524229307877e+04 9.999999999964101960e+01 7.532599555201341168e+00
5.101484738246207708e+05 -2.430620039815398195e+04 9.999999999970872011e+01 7.532639366088747401e+00
5.101842503654831089e+05 -2.435746555401488877e+04 1.000000000000097771e+02 7.532679534031351487e+00
5.102201608188748360e+05 -2.440873070987579558e+04 1.000000000005870930e+02 7.532720078376379469e+00
5.102562051847525290e+05 -2.445999586573669876e+04 9.999999999996325073e+01 7.532760994898278106e+00
5.102923834630973870e+05 -2.451126102159760558e+04 1.000000000014856312e+02 7.532802281626947760e+00
5.103286956540090032e+05 -2.456252617745850876e+04 9.999999999808775897e+01 7.532843965779723483e+00
5.103651417574312654e+05 -2.461379133331941921e+04 9.999999999817296725e+01 7.532886032959834388e+00
5.104017217733131838e+05 -2.466505648918032239e+04 9.999999999982287591e+01 7.532928478133174899e+00
5.104384357017441653e+05 -2.471632164504122557e+04 9.999999999955440444e+01 7.532971323898956406e+00
5.104752835426336387e+05 -2.476758680090213238e+04 9.999999999869974943e+01 7.533014556449820098e+00
5.105122652960865526e+05 -2.481885195676303920e+04 1.000000000003319371e+02 7.533058194704784327e+00
5.105493809620030224e+05 -2.487011711262394238e+04 1.000000000009286509e+02 7.533102225103819549e+00
5.105866305404270533e+05 -2.492138226848484919e+04 1.000000000014910171e+02 7.533146658973884691e+00
5.106240140313669108e+05 -2.497264742434575237e+04 1.000000000006365894e+02 7.533191500305147059e+00
5.106615314348172978e+05 -2.502391258020665555e+04 1.000000000005673684e+02 7.533236749296526646e+00
5.106991827507531852e+05 -2.507517773606756600e+04 1.000000000013436789e+02 7.533282403308137809e+00
5.107369679791540839e+05 -2.512644289192846918e+04 1.000000000016039223e+02 7.533328459719974113e+00
5.107748871200890280e+05 -2.517770804778937236e+04 9.999999999941508122e+01 7.533374937523189985e+00
5.108129401735008578e+05 -2.522897320365027917e+04 9.999999999731420530e+01 7.533421822905049581e+00
5.108511271394774085e+05 -2.528023835951118599e+04 9.999999999981945109e+01 7.533469133443732701e+00
5.108894480179784005e+05 -2.533150351537208917e+04 1.000000000000719780e+02 7.533516866451505756e+00
5.109279028089106432e+05 -2.538276867123299598e+04 1.000000000012224746e+02 7.533564999532777584e+00
5.109664915124065010e+05 -2.543403382709389916e+04 9.999999999810371776e+01 7.533613567731610061e+00
5.110052141283165547e+05 -2.548529898295480598e+04 9.999999999827284114e+01 7.533662528845495920e+00
5.110440706568132737e+05 -2.553656413881571279e+04 9.999999999969723774e+01 7.533711925789726038e+00
5.110830610978074837e+05 -2.558782929467661597e+04 9.999999999901828573e+01 7.533761739179431594e+00
5.111221854512332357e+05 -2.563909445053751915e+04 1.000000000027197444e+02 7.533811944875707489e+00
5.111614437172365142e+05 -2.569035960639842597e+04 1.000000000020775701e+02 7.533862587212256656e+00
5.112008358957606251e+05 -2.574162476225933278e+04 9.999999999845975651e+01 7.533913646481435578e+00
5.112403619867669768e+05 -2.579288991812023596e+04 9.999999999821319818e+01 7.533965106397239708e+00
5.112800219902304816e+05 -2.584415507398114278e+04 9.999999999913436000e+01 7.534016956956141264e+00
5.113198159062638879e+05 -2.589542022984204596e+04 1.000000000007072316e+02 7.534069224813537247e+00
5.113597437348006060e+05 -2.594668538570295641e+04 1.000000000009422934e+02 7.534121888833734459e+00
5.113998054757996579e+05 -2.599795054156385959e+04 9.999999999913923432e+01 7.534174933386993622e+00
5.114400011293056305e+05 -2.604921569742476277e+04 1.000000000018618067e+02 7.534228357541423726e+00
5.114803306953213178e+05 -2.610048085328566958e+04 9.999999999991550226e+01 7.534282161670402544e+00
5.115207941738468362e+05 -2.615174600914657640e+04 9.999999999918492222e+01 7.534336333438734989e+00
5.115613915648986585e+05 -2.620301116500747958e+04 1.000000000009248140e+02 7.534390866970645639e+00
5.116021228684192756e+05 -2.625427632086838639e+04 1.000000000005705374e+02 7.534445737304152679e+00
5.116429880844226573e+05 -2.630554147672928957e+04 1.000000000004008172e+02 7.534500933312902937e+00
5.116839872129862779e+05 -2.635680663259019275e+04 1.000000000004859828e+02 7.534556467723919404e+00
5.117251202540412778e+05 -2.640807178845110320e+04 9.999999999943443640e+01 7.534612301720382099e+00
5.117663872075974359e+05 -2.645933694431200638e+04 9.999999999945205786e+01 7.534668422203172788e+00
5.118077880736467196e+05 -2.651060210017290956e+04 9.999999999994281552e+01 7.534724806060912883e+00
5.118493228521729470e+05 -2.656186725603381637e+04 1.000000000023673721e+02 7.534781425328596960e+00
5.118909915432433481e+05 -2.661313241189472319e+04 9.999999999818346907e+01 7.534838288387254224e+00
5.119327941468260251e+05 -2.666439756775562637e+04 1.000000000020651214e+02 7.534895346324513632e+00
5.119747306629210943e+05 -2.671566272361653319e+04 9.999999999992331823e+01 7.534952583121917513e+00
5.120168010914697661e+05 -2.676692787947743636e+04 1.000000000005491643e+02 7.535009937225026100e+00
5.120590054325387464e+05 -2.681819303533834318e+04 9.999999999911906912e+01 7.535067404313484651e+00
5.121013436861485825e+05 -2.686945819119925000e+04 9.999999999937438133e+01 7.535124952675610110e+00
5.121438158522304730e+05 -2.692072334706015317e+04 9.999999999643019066e+01 7.535182517700071081e+00
5.121864219308185275e+05 -2.697198850292105635e+04 9.999999999889797664e+01 7.535240060461702249e+00
5.122291619219291024e+05 -2.702325365878196317e+04 1.000000000003791882e+02 7.535297545610839087e+00
5.122720358255333267e+05 -2.707451881464286998e+04 9.999999999908925474e+01 7.535354907068399832e+00
5.123150436416477896e+05 -2.712578397050377316e+04 1.000000000009070504e+02 7.535412088685086829e+00
5.123581853702476947e+05 -2.717704912636467998e+04 9.999999999961109154e+01 7.535469019472134100e+00
5.124014610113677918e+05 -2.722831428222558316e+04 1.000000000005631478e+02 7.535525640648878642e+00
5.124448705649932381e+05 -2.727957943808649361e+04 1.000000000014259598e+02 7.535581869105691055e+00
5.124884140310957446e+05 -2.733084459394739679e+04 9.999999999720516541e+01 7.535637611477429942e+00
5.125320914097427158e+05 -2.738210974980829997e+04 1.000000000005681358e+02 7.535692796875824051e+00
5.125759027008641860e+05 -2.743337490566920678e+04 1.000000000020766890e+02 7.535747297174925308e+00
5.126198479045051499e+05 -2.748464006153011360e+04 1.000000000001976588e+02 7.535801025827693067e+00
5.126639270206553047e+05 -2.753590521739101678e+04 1.000000000006949108e+02 7.535853851292982242e+00
5.127081400493056281e+05 -2.758717037325192359e+04 1.000000000003246186e+02 7.535905639048351645e+00
5.127524869904589723e+05 -2.763843552911282677e+04 9.999999999920950700e+01 7.535956243180971903e+00
5.127969678441073629e+05 -2.768970068497372995e+04 9.999999999948565232e+01 7.536005499195440827e+00
5.128415826102635474e+05 -2.774096584083464040e+04 1.000000000003660290e+02 7.536053239539325155e+00
5.128863312889405643e+05 -2.779223099669554358e+04 1.000000000030932199e+02 7.536099279533928552e+00
5.129312138801075635e+05 -2.784349615255644676e+04 9.999999999959487695e+01 7.536143397414501344e+00
5.129762303837899817e+05 -2.789476130841735358e+04 9.999999999969391240e+01 7.536185369858128702e+00
5.130213807999601122e+05 -2.794602646427826039e+04 9.999999999973505282e+01 7.536224926782853828e+00
5.130666651286433334e+05 -2.799729162013916357e+04 9.999999999856315469e+01 7.536261809680967261e+00
5.131120833698344068e+05 -2.804855677600007039e+04 9.999999999358303171e+01 7.536295710607029186e+00
5.131576355235298979e+05 -2.809982193186097356e+04 1.000000000004782237e+02 7.536326275243244055e+00
5.132033215897316695e+05 -2.815108708772188038e+04 9.999999999614115609e+01 7.536353154644781505e+00
5.132491415684361709e+05 -2.820235224358278720e+04 9.999999999943590012e+01 7.536375919808329549e+00
5.132950954596449155e+05 -2.825361739944369037e+04 9.999999999981501730e+01 7.536394131127460483e+00
5.133411832633487065e+05 -2.830488255530459355e+04 1.000000000001439986e+02 7.536407277775738045e+00
5.133874049795722240e+05 -2.835614771116550037e+04 9.999999999922528104e+01 7.536414832398334873e+00
5.134337606083034188e+05 -2.840741286702640718e+04 1.000000000003261107e+02 7.536416171513295126e+00
5.134802501495244214e+05 -2.845867802288731036e+04 9.999999999958447461e+01 7.536410605903331117e+00
5.135268736032575252e+05 -2.850994317874821718e+04 1.000000000006352820e+02 7.536397403966306641e+00
5.135736309694922529e+05 -2.856120833460912036e+04 1.000000000002117702e+02 7.536375726709533041e+00
5.136205222482397221e+05 -2.861247349047002717e+04 1.000000000013008901e+02 7.536344658070742497e+00
5.136675474394851481e+05 -2.866373864633093399e+04 9.999999999864840561e+01 7.536303156535717029e+00
5.137147065432404052e+05 -2.871500380219183717e+04 9.999999999884168744e+01 7.536250081196673278e+00
5.137619995595055516e+05 -2.876626895805274398e+04 1.000000000013556161e+02 7.536184149969407997e+00
5.138094264882708667e+05 -2.881753411391365080e+04 9.999999999922620475e+01 7.536103923297568841e+00
5.138569873295433354e+05 -2.886879926977455398e+04 9.999999999736350276e+01 7.536007798464578578e+00
5.139046820833178936e+05 -2.892006442563546079e+04 9.999999999843564069e+01 7.535893962868844831e+00
5.139525107496068231e+05 -2.897132958149636397e+04 9.999999999870740908e+01 7.535760409162238993e+00
5.140004733283955138e+05 -2.902259473735726715e+04 1.000000000004800000e+02 7.535604829894865908e+00
5.140485698196892045e+05 -2.907385989321817760e+04 1.000000000025069227e+02 7.535424656201822557e+00
5.140968002234891756e+05 -2.912512504907908078e+04 9.999999999857244859e+01 7.535216977784388703e+00
5.141451645397954853e+05 -2.917639020493998396e+04 9.999999999617756430e+01 7.534978482779830955e+00
5.141936627686168067e+05 -2.922765536080089078e+04 9.999999999706614062e+01 7.534705426175784204e+00
5.142422949099432444e+05 -2.927892051666179759e+04 1.000000000029792488e+02 7.534393510854559217e+00
5.142910609637767193e+05 -2.933018567252270077e+04 1.000000000015757848e+02 7.534037861958534421e+00
5.143399609301156015e+05 -2.938145082838360759e+04 1.000000000003613252e+02 7.533632870178734287e+00
5.143889948089648969e+05 -2.943271598424451076e+04 1.000000000028823450e+02 7.533172111545529681e+00
5.144381626003211713e+05 -2.948398114010541758e+04 1.000000000034655727e+02 7.532648173334166586e+00
5.144874643041816889e+05 -2.953524629596632440e+04 9.999999999988632737e+01 7.532052484959346650e+00
5.145368999205541913e+05 -2.958651145182722757e+04 9.999999999973812237e+01 7.531375123798768279e+00
5.145864694494423456e+05 -2.963777660768813075e+04 9.999999999676633422e+01 7.530604542937995305e+00
5.146361728908363730e+05 -2.968904176354903757e+04 9.999999999735194933e+01 7.529727193812968622e+00
5.146860102447415120e+05 -2.974030691940994438e+04 1.000000000006123173e+02 7.528727235151488451e+00
5.147359815111630596e+05 -2.979157207527084756e+04 9.999999999886040314e+01 7.527586002629614192e+00
5.147860866900983383e+05 -2.984283723113175438e+04 1.000000000063200929e+02 7.526281348605542654e+00
5.148363257815404795e+05 -2.989410238699265756e+04 9.999999999511935300e+01 7.524786942970532522e+00
5.148866987855081097e+05 -2.994536754285356437e+04 9.999999999815710794e+01 7.523071330817619362e+00
5.149372057019901695e+05 -2.999663269871447119e+04 1.000000000034761882e+02 7.521096592560008176e+00
5.149878465309912572e+05 -3.004789785457537437e+04 1.000000000004680771e+02 7.518816891077144682e+00
5.150386212725166115e+05 -3.009916301043628118e+04 1.000000000032617464e+02 7.516176359325137390e+00
5.150895299265669310e+05 -3.015042816629718800e+04 9.999999999788401794e+01 7.513106444136331774e+00
5.151405724931458244e+05 -3.020169332215809118e+04 9.999999999842721365e+01 7.509522358345992465e+00
5.151917489722556202e+05 -3.025295847801899799e+04 9.999999999831938169e+01 7.505318389538074619e+00
5.152430593639074941e+05 -3.030422363387990117e+04 9.999999999497474334e+01 7.500361564291038619e+00
5.152945036681018537e+05 -3.035548878974080435e+04 1.000000000043149839e+02 7.494482777869523993e+00
5.153460818848520285e+05 -3.040675394560171480e+04 1.000000000008618315e+02 7.487464887823651161e+00
5.153977940141654690e+05 -3.045801910146261798e+04 1.000000000023599114e+02 7.479025393560570834e+00
5.154496400560577749e+05 -3.050928425732352116e+04 1.000000000004608580e+02 7.468792064075532089e+00
5.155016200105467578e+05 -3.056054941318442798e+04 9.999999999981635312e+01 7.456266950391637671e+00
5.155537338776574470e+05 -3.061181456904533479e+04 9.999999999795690542e+01 7.440772801450497909e+00
5.156059816574240103e+05 -3.066307972490623797e+04 9.999999999826536623e+01 7.421370991825460450e+00
5.156583633498927229e+05 -3.071434488076714479e+04 1.000000000064494259e+02 7.396732513485650529e+00
5.157108789551299997e+05 -3.076561003662804796e+04 9.999999999006364249e+01 7.364928951647537581e+00
5.157146351940060849e+05 -3.076927183347525715e+04 1.000000000012073684e+02 7.362314734747919864e+00
5.157183921161100152e+05 -3.077293363032246270e+04 1.000000000015292727e+02 7.359648611925474704e+00
5.157221497214431292e+05 -3.077659542716967189e+04 9.999999999586725608e+01 7.356929284943041658e+00
5.157259080100056017e+05 -3.078025722401687744e+04 9.999999999974191667e+01 7.354155380002534770e+00
5.157296669817970833e+05 -3.078391902086408663e+04 1.000000000039055266e+02 7.351325488724025803e+00
5.157334266368174576e+05 -3.078758081771129218e+04 9.999999999528101569e+01 7.348438166918458414e+00
5.157371869750670157e+05 -3.079124261455850137e+04 9.999999999788860805e+01 7.345491900805831698e+00
5.157409479965458158e+05 -3.079490441140571056e+04 9.999999999873082857e+01 7.342485155019799592e+00
5.157447097012546146e+05 -3.079856620825291611e+04 9.999999999735256040e+01 7.339416350774684794e+00
5.157484720891917823e+05 -3.080222800510012530e+04 9.999999999627374336e+01 7.336283794499736999e+00
5.157522351603591233e+05 -3.080588980194733085e+04 1.000000000006992309e+02 7.333085821818405847e+00
5.157559989147555316e+05 -3.080955159879454004e+04 1.000000000046574371e+02 7.329820649475478511e+00
5.157597633523812983e+05 -3.081321339564174559e+04 1.000000000029046561e+02 7.326486468295692944e+00
5.157635284732366563e+05 -3.081687519248895478e+04 1.000000000026820857e+02 7.323081397600782694e+00
5.158163119043638580e+05 -3.086814034834986160e+04 1.000000000008124204e+02 7.266746428788418477e+00
5.158692292487514787e+05 -3.091940550421076478e+04 9.999999999479548762e+01 7.188788506332439709e+00
5.159222805068052839e+05 -3.097067066007166795e+04 9.999999999852954602e+01 7.077187122320028223e+00
5.159754656792461174e+05 -3.102193581593257477e+04 1.000000000000412967e+02 6.910460100786867343e+00
5.160287847674769582e+05 -3.107320097179348159e+04 1.000000000043801265e+02 6.647239263617413130e+00
5.183301656317278394e+05 -3.317507236209059920e+04 9.999999999694914266e+01 7.456704205646331296e+00
5.183891090358015499e+05 -3.322633751795149874e+04 9.999999999736785128e+01 7.459431155940781544e+00
5.184481863523849752e+05 -3.327760267381240556e+04 9.999999999726441047e+01 7.461967564966249356e+00
5.185073975814805599e+05 -3.332886782967331237e+04 9.999999999816127172e+01 7.464331769356921775e+00
5.185667427230727626e+05 -3.338013298553421919e+04 9.999999999923844030e+01 7.466539866649399393e+00
5.186262217771747964e+05 -3.343139814139511873e+04 9.999999999825790553e+01 7.468606123711958311e+00
5.186858347437825869e+05 -3.348266329725603282e+04 9.999999999932792605e+01 7.470543136479760982e+00
5.187455816228929907e+05 -3.353392845311693236e+04 9.999999999958754415e+01 7.472362104653570647e+00
5.188054624145101989e+05 -3.358519360897783918e+04 9.999999999917697835e+01 7.474073017723305234e+00
5.188654771186287398e+05 -3.363645876483874599e+04 1.000000000005511822e+02 7.475684784800795235e+00
5.189256257352524553e+05 -3.368772392069964553e+04 9.999999999824279939e+01 7.477205411580703398e+00
5.189859082643910660e+05 -3.373898907656055962e+04 1.000000000035645940e+02 7.478642082987581929e+00
5.190463247060140711e+05 -3.379025423242145916e+04 1.000000000007695604e+02 7.480001235939832682e+00
5.191068750601620995e+05 -3.384151938828236598e+04 1.000000000014856028e+02 7.481288758675386674e+00
5.191675593268107623e+05 -3.389278454414327280e+04 1.000000000024085267e+02 7.482509900679797710e+00
5.192283775059566251e+05 -3.394404970000417234e+04 9.999999999849026722e+01 7.483669455106374713e+00
5.192893295976017835e+05 -3.399531485586507915e+04 9.999999999586292176e+01 7.484771772230867093e+00
5.193504156017708010e+05 -3.404658001172599324e+04 1.000000000035054768e+02 7.485820837311523590e+00
5.194116355184225249e+05 -3.409784516758689279e+04 9.999999999946543028e+01 7.486820235519996203e+00
5.194729893475972349e+05 -3.414911032344779960e+04 1.000000000019492887e+02 7.487773303231536559e+00
5.195344770892622764e+05 -3.420037547930869914e+04 1.000000000024789131e+02 7.488683034968730112e+00
5.195960987434425624e+05 -3.425164063516960596e+04 1.000000000030501326e+02 7.489552231951841499e+00
5.196578543100971729e+05 -3.430290579103051277e+04 9.999999999846914989e+01 7.490383404758923724e+00
5.197197437892950838e+05 -3.435417094689141959e+04 9.999999999941711337e+01 7.491178957868239507e+00
5.197817671809876338e+05 -3.440543610275232641e+04 9.999999999962957986e+01 7.491941008730362839e+00
5.198439244851772091e+05 -3.445670125861322595e+04 9.999999999973172748e+01 7.492671554711444415e+00
5.199062157018624712e+05 -3.450796641447413276e+04 9.999999999946442131e+01 7.493372437613127879e+00
5.199686408310747356e+05 -3.455923157033503958e+04 9.999999999988774846e+01 7.494045388036579602e+00
5.200311998727684841e+05 -3.461049672619593912e+04 9.999999999976969889e+01 7.494691950211994858e+00
5.200938928269828320e+05 -3.466176188205685321e+04 1.000000000023650273e+02 7.495313617911847359e+00
5.201567196936873370e+05 -3.471302703791776003e+04 1.000000000001188312e+02 7.495911737758756743e+00
5.202196804729197756e+05 -3.476429219377865957e+04 9.999999999909752546e+01 7.496487598448277723e+00
5.202827751646441175e+05 -3.481555734963956638e+04 9.999999999914886928e+01 7.497042352469704518e+00
5.203460037688617012e+05 -3.486682250550046592e+04 1.000000000003513350e+02 7.497577102252720671e+00
5.204093662855913863e+05 -3.491808766136137274e+04 9.999999999998301803e+01 7.498092890193093218e+00
5.204728627148169326e+05 -3.496935281722228683e+04 9.999999999910320980e+01 7.498590662009398500e+00
5.205364930565648829e+05 -3.502061797308318637e+04 9.999999999700732189e+01 7.499071333121877458e+00
5.206002573108080542e+05 -3.507188312894409319e+04 9.999999999940538942e+01 7.499535720890316171e+00
5.206641554775311961e+05 -3.512314828480499273e+04 1.000000000035035157e+02 7.499984605107529845e+00
5.207281875567947864e+05 -3.517441344066589954e+04 9.999999999969529085e+01 7.500418768854376417e+00
5.207923535485407920e+05 -3.522567859652681364e+04 9.999999999869704936e+01 7.500838860329302804e+00
5.208566534527949407e+05 -3.527694375238771318e+04 1.000000000002009983e+02 7.501245547692030335e+00
5.209210872695586295e+05 -3.532820890824861999e+04 9.999999999992238031e+01 7.501639446775893560e+00
5.209856549988407060e+05 -3.537947406410952681e+04 1.000000000026650895e+02 7.502021132959464822e+00
5.210503566405935562e+05 -3.543073921997042635e+04 1.000000000022089495e+02 7.502391132307282717e+00
5.211151921948633390e+05 -3.548200437583133316e+04 1.000000000004240519e+02 7.502749977639791901e+00
5.211801616616667015e+05 -3.553326953169223998e+04 1.000000000021871784e+02 7.503098155533514557e+00
5.212452650409457856e+05 -3.558453468755314680e+04 1.000000000002560370e+02 7.503436099984838847e+00
5.213105023327347590e+05 -3.563579984341405361e+04 9.999999999768041903e+01 7.503764257147639505e+00
5.213758735370240174e+05 -3.568706499927495315e+04 9.999999999943517537e+01 7.504083024701106552e+00
5.214413786538206041e+05 -3.573833015513585997e+04 1.000000000001197122e+02 7.504392797138296878e+00
5.215070176831137505e+05 -3.578959531099675951e+04 9.999999999681519114e+01 7.504693937446374363e+00
5.215727906249297084e+05 -3.584086046685767360e+04 1.000000000025947458e+02 7.504986790841120303e+00
