3.144747651981923264e+05 -6.516520084883213215e+00 9.999999999640644432e+01 7.442900913271709662e+00
3.153583665776718408e+05 -5.543458900154040236e+01 1.000000000036852725e+02 7.442897690166735636e+00
3.162410502277479391e+05 -1.043526579181976075e+02 1.000000000006940297e+02 7.442894458641655220e+00
3.171228161509367637e+05 -1.532707268348547984e+02 9.999999999899215197e+01 7.442891216417472755e+00
3.180036643466832465e+05 -2.021887957515119751e+02 9.999999999918058791e+01 7.442887974613316082e+00
3.188835948085943819e+05 -2.511068646681691519e+02 9.999999999907213066e+01 7.442884705687463409e+00
3.197626075496958219e+05 -3.000249335848263854e+02 9.999999999944672879e+01 7.442881421154571520e+00
3.206407025549074751e+05 -3.489430025014835337e+02 9.999999999661342542e+01 7.442878141463324049e+00
3.215178798419228988e+05 -3.978610714181407388e+02 9.999999999740501266e+01 7.442874871496180766e+00
3.223941394113738206e+05 -4.467791403347978871e+02 9.999999999359555147e+01 7.442871645702924255e+00
3.232694812286791857e+05 -4.956972092514550923e+02 1.000000000007040768e+02 7.442868292469249525e+00
3.241439053350347094e+05 -5.446152781681123543e+02 1.000000000010256684e+02 7.442865010333666653e+00
3.250174117008881294e+05 -5.935333470847695025e+02 1.000000000028096991e+02 7.442861653763228169e+00
3.258900003491722164e+05 -6.424514160014266508e+02 1.000000000021319266e+02 7.442858354247890773e+00
3.267616712717460468e+05 -6.913694849180839128e+02 1.000000000007946852e+02 7.442855058662512846e+00
3.276324244623397826e+05 -7.402875538347410611e+02 1.000000000009264767e+02 7.442851736816023411e+00
3.285022599242902943e+05 -7.892056227513982094e+02 1.000000000028123139e+02 7.442848377044543717e+00
3.293711776605336927e+05 -8.381236916680554714e+02 1.000000000117508989e+02 7.442845033861035020e+00
3.302391776664588251e+05 -8.870417605847126197e+02 1.000000000006238707e+02 7.442841698320344257e+00
3.311062599446724053e+05 -9.359598295013698817e+02 1.000000000024783731e+02 7.442838307322187319e+00
3.319724244947955012e+05 -9.848778984180269163e+02 1.000000000017018351e+02 7.442834958008965884e+00
3.328376713218523655e+05 -1.033795967334684292e+03 9.999999999942860995e+01 7.442831587948467664e+00
3.337020004087446141e+05 -1.082714036251341440e+03 9.999999999962548713e+01 7.442828162319397478e+00
3.345654117712806328e+05 -1.131632105167998589e+03 9.999999999823381813e+01 7.442824745395975050e+00
3.354279054238377139e+05 -1.180550174084655964e+03 9.999999999849613630e+01 7.442821400806513665e+00
3.362894813291638275e+05 -1.229468243001313112e+03 9.999999999884649071e+01 7.442817944990572698e+00
3.371501395130306482e+05 -1.278386311917970261e+03 1.000000000013330634e+02 7.442814528793058493e+00
3.380098799943121267e+05 -1.327304380834627409e+03 1.000000000013413057e+02 7.442811209903421599e+00
3.388687027014406049e+05 -1.376222449751284785e+03 9.999999999704387221e+01 7.442807685723916933e+00
3.397266077159380657e+05 -1.425140518667941933e+03 1.000000000000186162e+02 7.442804301046500370e+00
3.405835949912805227e+05 -1.474058587584599081e+03 1.000000000005124150e+02 7.442800850476908536e+00
3.414396645366877201e+05 -1.522976656501256230e+03 9.999999999565831388e+01 7.442797391394933904e+00
3.422948163463018136e+05 -1.571894725417913378e+03 1.000000000029371279e+02 7.442793884141217120e+00
3.431490504394758609e+05 -1.620812794334570526e+03 1.000000000000730154e+02 7.442790413075072387e+00
3.440023668078148039e+05 -1.669730863251227902e+03 1.000000000037793910e+02 7.442786955557227913e+00
3.448547654426344670e+05 -1.718648932167885050e+03 1.000000000013511112e+02 7.442783457662867086e+00
3.457062463476933772e+05 -1.767567001084542198e+03 1.000000000001710276e+02 7.442779966502029332e+00
3.465568095210512984e+05 -1.816485070001199574e+03 1.000000000028429525e+02 7.442776406875614370e+00
3.474064549769390142e+05 -1.865403138917856722e+03 1.000000000032560621e+02 7.442772919123010311e+00
3.482551827047353145e+05 -1.914321207834513643e+03 9.999999999742698265e+01 7.442769410240837047e+00
3.491029927089952980e+05 -1.963239276751170792e+03 1.000000000010136176e+02 7.442765919943084008e+00
3.499498849734813557e+05 -2.012157345667828167e+03 9.999999999740605006e+01 7.442762342943827214e+00
3.507958595103085972e+05 -2.061075414584485316e+03 1.000000000011079493e+02 7.442758765653469055e+00
3.516409163249774138e+05 -2.109993483501142691e+03 1.000000000004324363e+02 7.442755234594112146e+00
3.524850554104365292e+05 -2.158911552417799612e+03 1.000000000059579435e+02 7.442751657338684268e+00
3.533282767746241880e+05 -2.207829621334456988e+03 9.999999999866737710e+01 7.442748130185932176e+00
3.541705803999081836e+05 -2.256747690251113909e+03 9.999999999847932486e+01 7.442744505991858439e+00
3.550119663017422426e+05 -2.305665759167771284e+03 9.999999999850129484e+01 7.442740905726358491e+00
3.558524344832762145e+05 -2.354583828084428660e+03 1.000000000011938681e+02 7.442737326617534954e+00
3.566919849383215769e+05 -2.403501897001086036e+03 1.000000000022289299e+02 7.442733764804212448e+00
3.575306176555763232e+05 -2.452419965917742957e+03 1.000000000068832122e+02 7.442730137270287649e+00
3.583683326479885145e+05 -2.501338034834399878e+03 9.999999999877411483e+01 7.442726530238665816e+00
3.592051299082320184e+05 -2.550256103751057253e+03 9.999999999848593291e+01 7.442722861875171958e+00
3.600410094503442524e+05 -2.599174172667714174e+03 9.999999999956099828e+01 7.442719270354270833e+00
3.608759712560712360e+05 -2.648092241584371550e+03 9.999999999973067588e+01 7.442715604315787381e+00
3.617100153429210186e+05 -2.697010310501028926e+03 9.999999999355158309e+01 7.442711962060437614e+00
3.625431416866566287e+05 -2.745928379417686301e+03 9.999999999776811421e+01 7.442708254074247520e+00
3.633753503143166890e+05 -2.794846448334343222e+03 1.000000000035317953e+02 7.442704576017847629e+00
3.642066412085206830e+05 -2.843764517251000598e+03 1.000000000024126621e+02 7.442700865747187144e+00
3.650370143828021828e+05 -2.892682586167657519e+03 1.000000000048538169e+02 7.442697192214711599e+00
3.658664698255982948e+05 -2.941600655084314440e+03 1.000000000003778382e+02 7.442693495281589300e+00
3.666950075536475633e+05 -2.990518724000972270e+03 1.000000000013005774e+02 7.442689855243735941e+00
3.675226275300514535e+05 -3.039436792917629191e+03 9.999999999766085068e+01 7.442686077780348519e+00
3.683493297950127162e+05 -3.088354861834286567e+03 9.999999999707326026e+01 7.442682378277195809e+00
3.691751143241270911e+05 -3.137272930750943488e+03 9.999999999806408368e+01 7.442678631072099371e+00
3.699999811339921434e+05 -3.186190999667600863e+03 9.999999999923250016e+01 7.442674904642033518e+00
3.708239302016659640e+05 -3.235109068584257784e+03 9.999999999970863485e+01 7.442671112413690615e+00
3.716469615472900914e+05 -3.284027137500915160e+03 9.999999999537999429e+01 7.442667331331371372e+00
3.724690751734662917e+05 -3.332945206417572535e+03 9.999999999713811860e+01 7.442663573470451155e+00
3.732902710598412668e+05 -3.381863275334229456e+03 9.999999999670193063e+01 7.442659757128265774e+00
3.741105492256678408e+05 -3.430781344250886832e+03 1.000000000010297612e+02 7.442655956151540408e+00
3.749299096723085968e+05 -3.479699413167543753e+03 1.000000000011197159e+02 7.442652199618580156e+00
3.757483523768809973e+05 -3.528617482084201129e+03 9.999999999796024497e+01 7.442648356948020627e+00
3.765658773661073064e+05 -3.577535551000858050e+03 1.000000000027484930e+02 7.442644572851833118e+00
3.773824846100138966e+05 -3.626453619917515880e+03 9.999999999433333642e+01 7.442640696081762819e+00
3.781981741525617545e+05 -3.675371688834172801e+03 1.000000000038031374e+02 7.442636919411706131e+00
3.790129459499559016e+05 -3.724289757750829722e+03 9.999999999970894748e+01 7.442633056078438614e+00
3.798268000161490636e+05 -3.773207826667487097e+03 1.000000000029476865e+02 7.442629183071312937e+00
3.806397363521400257e+05 -3.822125895584144018e+03 9.999999999889914193e+01 7.442625276977655524e+00
3.814517549725056742e+05 -3.871043964500801394e+03 9.999999999957103114e+01 7.442621423550743742e+00
3.822628558623939171e+05 -3.919962033417458315e+03 9.999999999295890518e+01 7.442617553028763488e+00
3.830730390289112111e+05 -3.968880102334116145e+03 9.999999999127501837e+01 7.442613688935029614e+00
3.838823044511859771e+05 -4.017798171250773066e+03 9.999999999398585260e+01 7.442609724176286079e+00
3.846906521687812638e+05 -4.066716240167430442e+03 9.999999999936963491e+01 7.442605861725121841e+00
3.854980821358214598e+05 -4.115634309084087363e+03 1.000000000002605560e+02 7.442601878779103508e+00
3.863045943875784287e+05 -4.164552378000744284e+03 9.999999999951950258e+01 7.442597953469344496e+00
3.871101889193616807e+05 -4.213470446917401205e+03 1.000000000047006239e+02 7.442594061364422586e+00
3.879148657065240550e+05 -4.262388515834059035e+03 1.000000000001646754e+02 7.442590078286564825e+00
3.887186247787311440e+05 -4.311306584750715956e+03 1.000000000011182806e+02 7.442586139687317193e+00
3.895214661180845578e+05 -4.360224653667372877e+03 9.999999999950964025e+01 7.442582154529047145e+00
3.903233897205733811e+05 -4.409142722584029798e+03 1.000000000002468283e+02 7.442578124984857268e+00
3.911243956045666710e+05 -4.458060791500687628e+03 9.999999999917736204e+01 7.442574129022237805e+00
3.919244837695460301e+05 -4.506978860417344549e+03 1.000000000044107935e+02 7.442570174994282084e+00
3.927236541901808232e+05 -4.555896929334001470e+03 9.999999999905993775e+01 7.442566129643228834e+00
3.935219068941033911e+05 -4.604814998250658391e+03 1.000000000026307987e+02 7.442562116767866165e+00
3.943192418615911156e+05 -4.653733067167315312e+03 9.999999999992057553e+01 7.442558058342383376e+00
3.951156591133200563e+05 -4.702651136083974052e+03 1.000000000010113723e+02 7.442554034362628634e+00
3.959111586272160057e+05 -4.751569205000630973e+03 1.000000000014754846e+02 7.442549973207331249e+00
3.967057404128835769e+05 -4.800487273917287894e+03 9.999999999908787629e+01 7.442545883545746754e+00
3.974994044831386418e+05 -4.849405342833944815e+03 9.999999999806183837e+01 7.442541852942270886e+00
3.982921508157415665e+05 -4.898323411750602645e+03 1.000000000020258994e+02 7.442537751161752091e+00
3.990839794169628876e+05 -4.947241480667259566e+03 1.000000000005501022e+02 7.442533639919820310e+00
3.998748902994709788e+05 -4.996159549583916487e+03 9.999999999744042611e+01 7.442529552585928521e+00
4.006648834492749302e+05 -5.045077618500573408e+03 9.999999999813152840e+01 7.442525426939718081e+00
4.014539588687189389e+05 -5.093995687417230329e+03 1.000000000004207692e+02 7.442521277108935074e+00
4.022421165675163502e+05 -5.142913756333888159e+03 9.999999999921242022e+01 7.442517155259286810e+00
4.030293565348072443e+05 -5.191831825250545080e+03 9.999999999979920062e+01 7.442513006670071540e+00
4.038156787777108839e+05 -5.240749894167202001e+03 1.000000000002737011e+02 7.442508863048921341e+00
4.046010832895727362e+05 -5.289667963083858922e+03 1.000000000089845003e+02 7.442504681859518634e+00
4.053855700680986047e+05 -5.338586032000516752e+03 1.000000000003432490e+02 7.442500477911051959e+00
4.061691391273907502e+05 -5.387504100917174583e+03 9.999999999942384932e+01 7.442496297567274155e+00
4.069517904584238422e+05 -5.436422169833831504e+03 1.000000000004428955e+02 7.442492108475776469e+00
4.077335240598908276e+05 -5.485340238750488425e+03 9.999999999949194773e+01 7.442487891379234277e+00
4.085143399325491046e+05 -5.534258307667145345e+03 1.000000000003998935e+02 7.442483658850682637e+00
4.092942380808278103e+05 -5.583176376583803176e+03 9.999999999832510866e+01 7.442479447716126018e+00
4.100732184978308505e+05 -5.632094445500460097e+03 1.000000000011076366e+02 7.442475185182074959e+00
4.108512811898580985e+05 -5.681012514417117018e+03 1.000000000031622562e+02 7.442470936820798855e+00
4.116284261541321757e+05 -5.729930583333773939e+03 1.000000000006277219e+02 7.442466682190151950e+00
4.124046533878360060e+05 -5.778848652250430860e+03 9.999999999666080441e+01 7.442462398183549155e+00
4.131799628926657024e+05 -5.827766721167088690e+03 1.000000000049066813e+02 7.442458084455866540e+00
4.139543546736983117e+05 -5.876684790083745611e+03 1.000000000003219327e+02 7.442453790379338407e+00
4.147278287242697552e+05 -5.925602859000402532e+03 1.000000000003114451e+02 7.442449481106630849e+00
4.155003850523791625e+05 -5.974520927917060362e+03 1.000000000073291204e+02 7.442445158247894099e+00
4.162720236485670321e+05 -6.023438996833718193e+03 1.000000000027285125e+02 7.442440836600645149e+00
4.170427445134249865e+05 -6.072357065750375114e+03 1.000000000028766038e+02 7.442436470152190786e+00
4.178125476528808940e+05 -6.121275134667032034e+03 1.000000000039414800e+02 7.442432095299758466e+00
4.185814330685719033e+05 -6.170193203583688955e+03 1.000000000008639631e+02 7.442427747187961629e+00
4.193494007545943605e+05 -6.219111272500345876e+03 1.000000000003632152e+02 7.442423357593382249e+00
4.201164507108503603e+05 -6.268029341417003707e+03 1.000000000006773320e+02 7.442418965233324357e+00
4.208825829434305779e+05 -6.316947410333660628e+03 1.000000000036251606e+02 7.442414569134583324e+00
4.216477974479253753e+05 -6.365865479250317549e+03 1.000000000016312498e+02 7.442410172983286998e+00
4.224120942185971071e+05 -6.414783548166974469e+03 9.999999999984525800e+01 7.442405724914476828e+00
4.231754732679628069e+05 -6.463701617083632300e+03 9.999999999656073157e+01 7.442401293666531359e+00
4.239379345864541247e+05 -6.512619686000289221e+03 9.999999999961708852e+01 7.442396842193627293e+00
4.246994781793158618e+05 -6.561537754916946142e+03 9.999999999765040570e+01 7.442392388387207625e+00
4.254601040405042586e+05 -6.610455823833603972e+03 1.000000000001255813e+02 7.442387898793341172e+00
4.262198121734973392e+05 -6.659373892750260893e+03 9.999999999914192017e+01 7.442383396894014069e+00
4.269786025874512852e+05 -6.708291961666918723e+03 1.000000000000581508e+02 7.442378926488704138e+00
4.277364752657870995e+05 -6.757210030583575644e+03 9.999999998680662827e+01 7.442374415168703017e+00
4.284934302229520981e+05 -6.806128099500232565e+03 1.000000000002414993e+02 7.442369912430111256e+00
4.292494674468524754e+05 -6.855046168416889486e+03 1.000000000012109069e+02 7.442365362716629740e+00
4.300045869431308238e+05 -6.903964237333547317e+03 9.999999999911916859e+01 7.442360814786836087e+00
4.307587887144399574e+05 -6.952882306250204238e+03 1.000000000004743868e+02 7.442356264723306580e+00
4.315120727560355444e+05 -7.001800375166861159e+03 1.000000000007086527e+02 7.442351695868006267e+00
4.322644390669151326e+05 -7.050718444083518079e+03 9.999999999815629792e+01 7.442347092803526465e+00
4.330158876576567418e+05 -7.099636513000175000e+03 9.999999999881629265e+01 7.442342506995568208e+00
4.337664185149045661e+05 -7.148554581916832831e+03 1.000000000001642348e+02 7.442337900722728605e+00
4.345160316481295740e+05 -7.197472650833489752e+03 1.000000000002944205e+02 7.442333291657332595e+00
4.352647270501828170e+05 -7.246390719750147582e+03 9.999999999924239091e+01 7.442328655254673464e+00
4.360125047247207258e+05 -7.295308788666804503e+03 9.999999999830949093e+01 7.442324007547904685e+00
4.367593646720153047e+05 -7.344226857583461424e+03 9.999999999957803709e+01 7.442319337566162041e+00
4.375053068932442693e+05 -7.393144926500119254e+03 1.000000000000008953e+02 7.442314667427618602e+00
4.382503313847073005e+05 -7.442062995416776175e+03 9.999999999986906118e+01 7.442309982728591677e+00
4.389944381483651232e+05 -7.490981064333433096e+03 9.999999999957950081e+01 7.442305276881318932e+00
4.397376271894702804e+05 -7.539899133250090017e+03 1.000000000007883756e+02 7.442300593502614525e+00
4.404798984974569175e+05 -7.588817202166747848e+03 1.000000000037123016e+02 7.442295862028368347e+00
4.412212520808959380e+05 -7.637735271083404768e+03 1.000000000007562875e+02 7.442291142600472753e+00
4.419616879337567952e+05 -7.686653340000061689e+03 9.999999999985931254e+01 7.442286390511014815e+00
4.427012060609939508e+05 -7.735571408916718610e+03 1.000000000000814424e+02 7.442281635976225829e+00
4.434398064624724211e+05 -7.784489477833375531e+03 1.000000000005568808e+02 7.442276879060419681e+00
4.441774891286948114e+05 -7.833407546750033362e+03 9.999999999911220527e+01 7.442272069250487121e+00
4.449142540728688473e+05 -7.882325615666691192e+03 9.999999999467384271e+01 7.442267279920757872e+00
4.456501012920544599e+05 -7.931243684583348113e+03 1.000000000010626593e+02 7.442262484318667326e+00
4.463850307794305263e+05 -7.980161753500005034e+03 1.000000000021162236e+02 7.442257653244798377e+00
4.471190425389519660e+05 -8.029079822416662864e+03 1.000000000002034852e+02 7.442252822647197341e+00
4.478521365683677141e+05 -8.077997891333319785e+03 9.999999999965049824e+01 7.442247950802268086e+00
4.485843128754608333e+05 -8.126915960249976706e+03 1.000000000012633734e+02 7.442243093413436483e+00
4.493155714516308508e+05 -8.175834029166633627e+03 1.000000000005454979e+02 7.442238214139394792e+00
4.500459123046969762e+05 -8.224752098083290548e+03 9.999999999844980891e+01 7.442233352869085827e+00
4.507753354213743587e+05 -8.273670166999947469e+03 9.999999999946983564e+01 7.442228412214901390e+00
4.515038408181144041e+05 -8.322588235916604390e+03 1.000000000032493119e+02 7.442223508642975993e+00
4.522314284841018380e+05 -8.371506304833263130e+03 9.999999999634890457e+01 7.442218587013261555e+00
4.529580984166898998e+05 -8.420424373749920051e+03 9.999999999999594991e+01 7.442213602779662374e+00
4.536838506301593734e+05 -8.469342442666576972e+03 9.999999999883517887e+01 7.442208649713069057e+00
4.544086851140607032e+05 -8.518260511583233892e+03 1.000000000007960637e+02 7.442203690651637338e+00
4.551326018693542574e+05 -8.567178580499890813e+03 1.000000000007409113e+02 7.442198701147503037e+00
4.558556008948371746e+05 -8.616096649416549553e+03 1.000000000013597656e+02 7.442193690378311466e+00
4.565776821948519209e+05 -8.665014718333206474e+03 1.000000000001803073e+02 7.442188674352444799e+00
4.572988457663488225e+05 -8.713932787249863395e+03 1.000000000010145698e+02 7.442183635824672905e+00
4.580190916132060811e+05 -8.762850856166520316e+03 9.999999999817855212e+01 7.442178619174962151e+00
4.587384197297553765e+05 -8.811768925083177237e+03 9.999999999834946607e+01 7.442173558777002818e+00
4.594568301174290827e+05 -8.860686993999834158e+03 9.999999999963642949e+01 7.442168471025113696e+00
4.601743227765339543e+05 -8.909605062916491079e+03 9.999999999891949187e+01 7.442163381897919372e+00
4.608908977150515420e+05 -8.958523131833148000e+03 1.000000000046659920e+02 7.442158305339845903e+00
4.616065549149550498e+05 -9.007441200749804921e+03 9.999999999880853352e+01 7.442153153666625442e+00
4.623212943971847999e+05 -9.056359269666463661e+03 1.000000000003224443e+02 7.442148049973483559e+00
4.630351161454172689e+05 -9.105277338583120581e+03 9.999999999981403676e+01 7.442142899193210148e+00
4.637480201693499112e+05 -9.154195407499777502e+03 1.000000000011177690e+02 7.442137741149932317e+00
4.644600064649102278e+05 -9.203113476416434423e+03 1.000000000016813289e+02 7.442132565815124501e+00
4.651710750296846963e+05 -9.252031545333091344e+03 9.999999999996803979e+01 7.442127367402984639e+00
4.658812258678310318e+05 -9.300949614249748265e+03 1.000000000120166703e+02 7.442122140837595268e+00
4.665904589786784491e+05 -9.349867683166405186e+03 9.999999999823779717e+01 7.442116935440675540e+00
4.672987743643232970e+05 -9.398785752083063926e+03 9.999999999489493518e+01 7.442111719509702183e+00
4.680061720197713585e+05 -9.447703820999720847e+03 1.000000000037143337e+02 7.442106452226445512e+00
4.687126519477956463e+05 -9.496621889916379587e+03 1.000000000002513900e+02 7.442101185192618651e+00
4.694182141519990982e+05 -9.545539958833036508e+03 9.999999999754174951e+01 7.442095934823766967e+00
4.701228586216596887e+05 -9.594458027749693429e+03 9.999999999881163149e+01 7.442090610715812460e+00
4.708265853678532294e+05 -9.643376096666350350e+03 1.000000000017383712e+02 7.442085306047586002e+00
4.715293943847597693e+05 -9.692294165583007270e+03 1.000000000015788260e+02 7.442079979249785815e+00
4.722312856765378383e+05 -9.741212234499664191e+03 9.999999999961343633e+01 7.442074667414009248e+00
4.729322592379609123e+05 -9.790130303416321112e+03 9.999999999866655287e+01 7.442069295117037520e+00
4.736323150697798119e+05 -9.839048372332978033e+03 1.000000000072160589e+02 7.442063897956014529e+00
4.743314531824854203e+05 -9.887966441249634954e+03 1.000000000004171170e+02 7.442058556355988230e+00
4.750296735566775897e+05 -9.936884510166293694e+03 1.000000000027782647e+02 7.442053116044105465e+00
4.757269762102965615e+05 -9.985802579082950615e+03 9.999999999830698982e+01 7.442047724320316249e+00
4.764233611312033026e+05 -1.003472064799960754e+04 1.000000000005716885e+02 7.442042266464525824e+00
4.771188283296398004e+05 -1.008363871691626446e+04 1.000000000004783089e+02 7.442036840097297379e+00
4.778133777983617620e+05 -1.013255678583292138e+04 1.000000000005652936e+02 7.442031376175601842e+00
4.785070095388654736e+05 -1.018147485474957830e+04 9.999999999977396214e+01 7.442025895408286296e+00
4.791997235511991894e+05 -1.023039292366623522e+04 9.999999999858052036e+01 7.442020389609065312e+00
4.798915198365580873e+05 -1.027931099258289214e+04 1.000000000002940226e+02 7.442014881456596953e+00
4.805823983939012978e+05 -1.032822906149954906e+04 1.000000000025143976e+02 7.442009349172526100e+00
4.812723592222549487e+05 -1.037714713041620780e+04 9.999999999437577003e+01 7.442003800199004537e+00
4.819614023250253522e+05 -1.042606519933286472e+04 9.999999999987582555e+01 7.441998241067806497e+00
4.826495276972904685e+05 -1.047498326824952164e+04 1.000000000003337419e+02 7.441992652703833144e+00
4.833367353476257413e+05 -1.052390133716617856e+04 1.000000000031526355e+02 7.441987073855082180e+00
4.840230252632164629e+05 -1.057281940608283548e+04 9.999999999953737984e+01 7.441981443293702370e+00
4.847083974533572909e+05 -1.062173747499949241e+04 1.000000000031701717e+02 7.441975804616993706e+00
4.853928519173362292e+05 -1.067065554391615115e+04 9.999999999957043428e+01 7.441970167080631526e+00
4.860763886519233929e+05 -1.071957361283280807e+04 1.000000000012013999e+02 7.441964491806572823e+00
4.867590076611032127e+05 -1.076849168174946499e+04 9.999999999849703158e+01 7.441958827125371378e+00
4.874407089389404864e+05 -1.081740975066612373e+04 1.000000000001622311e+02 7.441953111351280015e+00
4.881214924943105434e+05 -1.086632781958278065e+04 9.999999999958220087e+01 7.441947426095506302e+00
4.888013583184612216e+05 -1.091524588849943757e+04 1.000000000051947495e+02 7.441941672360785631e+00
4.894803064124021912e+05 -1.096416395741609449e+04 9.999999999580694521e+01 7.441935918838715303e+00
4.901583367831865326e+05 -1.101308202633275141e+04 1.000000000010802097e+02 7.441930163470615867e+00
4.908354494288041606e+05 -1.106200009524940833e+04 1.000000000027621354e+02 7.441924402365737379e+00
4.915116443376680836e+05 -1.111091816416606525e+04 9.999999999899796421e+01 7.441918581460684301e+00
4.921869215244383668e+05 -1.115983623308272217e+04 9.999999999932209960e+01 7.441912768537122247e+00
4.928612809809296741e+05 -1.120875430199937909e+04 9.999999999449912025e+01 7.441906919487306205e+00
4.935347227137946757e+05 -1.125767237091603783e+04 9.999999999959398167e+01 7.441901074992847143e+00
4.942072467192721670e+05 -1.130659043983269476e+04 9.999999999559848618e+01 7.441895232157847317e+00
4.948788529903309536e+05 -1.135550850874935168e+04 1.000000000007418350e+02 7.441889307990445346e+00
4.955495415413925075e+05 -1.140442657766600860e+04 9.999999999885022817e+01 7.441883427690379804e+00
4.962193123593364144e+05 -1.145334464658266552e+04 9.999999999876757784e+01 7.441877491023864089e+00
4.968881654562988551e+05 -1.150226271549932244e+04 1.000000000126637048e+02 7.441871562715490995e+00
4.975561008141043712e+05 -1.155118078441597936e+04 1.000000000011292229e+02 7.441865574589433763e+00
4.982231184540517861e+05 -1.160009885333263628e+04 1.000000000009398207e+02 7.441859611879217518e+00
4.988892183595724637e+05 -1.164901692224929320e+04 1.000000000000858194e+02 7.441853596592386211e+00
4.995544005423806375e+05 -1.169793499116595194e+04 1.000000000001519993e+02 7.441847590472298712e+00
5.002186649928850820e+05 -1.174685306008260886e+04 1.000000000021453133e+02 7.441841529536386446e+00
5.008820117229788448e+05 -1.179577112899926578e+04 1.000000000006718750e+02 7.441835517360475549e+00
5.015444407178774127e+05 -1.184468919791592270e+04 1.000000000030649119e+02 7.441829418620379499e+00
5.022059519909520168e+05 -1.189360726683257963e+04 9.999999999762262348e+01 7.441823348289764439e+00
5.028665455305106589e+05 -1.194252533574923837e+04 1.000000000017747794e+02 7.441817209030698876e+00
5.035262213461775100e+05 -1.199144340466589529e+04 9.999999999941375961e+01 7.441811095822604472e+00
5.041849794337788480e+05 -1.204036147358255221e+04 1.000000000027219329e+02 7.441804945302919805e+00
5.048428197915320052e+05 -1.208927954249920913e+04 9.999999999872298417e+01 7.441798769833416927e+00
5.054997424237999949e+05 -1.213819761141586787e+04 9.999999999926158978e+01 7.441792585929605686e+00
5.061557473250733456e+05 -1.218711568033252479e+04 9.999999999950252061e+01 7.441786368975423116e+00
5.068108345061586006e+05 -1.223603374924918171e+04 9.999999999583680221e+01 7.441780179999807565e+00
5.074650039536339464e+05 -1.228495181816583863e+04 1.000000000003230411e+02 7.441773930224506728e+00
5.081182556727818446e+05 -1.233386988708249555e+04 1.000000000016406716e+02 7.441767638695540477e+00
5.087705896673880052e+05 -1.238278795599915247e+04 9.999999999986503951e+01 7.441761376000576966e+00
5.094220059338926221e+05 -1.243170602491580939e+04 1.000000000037217092e+02 7.441755076935721469e+00
5.100725044708380010e+05 -1.248062409383246631e+04 1.000000000007688072e+02 7.441748752210794571e+00
5.107220852785891038e+05 -1.252954216274912324e+04 9.999999999753030977e+01 7.441742404009954903e+00
5.113707483606714522e+05 -1.257846023166578016e+04 9.999999999847572951e+01 7.441736037462607811e+00
5.120184937173085054e+05 -1.262737830058243890e+04 1.000000000009949019e+02 7.441729667811232574e+00
5.126653213433462661e+05 -1.267629636949909582e+04 1.000000000020103812e+02 7.441723250251009780e+00
5.133112312412634492e+05 -1.272521443841575274e+04 1.000000000007938041e+02 7.441716823100017919e+00
5.139562234127449337e+05 -1.277413250733240966e+04 9.999999999861515221e+01 7.441710376344125244e+00
5.146002978564834339e+05 -1.282305057624906658e+04 1.000000000032457734e+02 7.441703911953315931e+00
5.152434545749901445e+05 -1.287196864516572350e+04 9.999999999857834609e+01 7.441697457493336110e+00
5.158856935618143762e+05 -1.292088671408238042e+04 1.000000000012759784e+02 7.441690935865577394e+00
5.165270148181541008e+05 -1.296980478299903734e+04 9.999999999893921654e+01 7.441684383851695728e+00
5.171674183537968784e+05 -1.301872285191569426e+04 9.999999999973867659e+01 7.441677856183755324e+00
5.178069041580039193e+05 -1.306764092083235300e+04 9.999999999907358017e+01 7.441671284693191168e+00
5.184454722367649665e+05 -1.311655898974900992e+04 1.000000000008959375e+02 7.441664700926690301e+00
5.190831225851339987e+05 -1.316547705866566866e+04 1.000000000003207248e+02 7.441658077059985388e+00
5.197198552059024223e+05 -1.321439512758232559e+04 9.999999999455998534e+01 7.441651444400414483e+00
5.203556701009251992e+05 -1.326331319649898251e+04 1.000000000010928858e+02 7.441644788565167090e+00
5.209905672671749489e+05 -1.331223126541563943e+04 9.999999999882916768e+01 7.441638113831126944e+00
5.216245467072366155e+05 -1.336114933433229635e+04 1.000000000039863011e+02 7.441631427712122715e+00
5.222576084166326909e+05 -1.341006740324895327e+04 9.999999999983127452e+01 7.441624698664357496e+00
5.228897524003962753e+05 -1.345898547216561019e+04 9.999999999866045641e+01 7.441617959367946789e+00
5.235209786553158774e+05 -1.350790354108226893e+04 9.999999999177349252e+01 7.441611197516539988e+00
5.241512871814475511e+05 -1.355682160999892585e+04 9.999999999763068104e+01 7.441604397041301056e+00
5.247806779826777056e+05 -1.360573967891558277e+04 9.999999999700139597e+01 7.441597601298429510e+00
5.254091510564250639e+05 -1.365465774783223969e+04 9.999999999940391149e+01 7.441590779501051856e+00
5.260367064010071335e+05 -1.370357581674889661e+04 1.000000000013851746e+02 7.441583925578265202e+00
5.266633440182646737e+05 -1.375249388566555353e+04 1.000000000015660078e+02 7.441577053200597369e+00
5.272890639075298095e+05 -1.380141195458221046e+04 1.000000000004455103e+02 7.441570157733761626e+00
5.279138660685982322e+05 -1.385033002349886738e+04 9.999999999943865703e+01 7.441563234622527112e+00
5.285377505026991712e+05 -1.389924809241552430e+04 9.999999999978781773e+01 7.441556296953367955e+00
5.291607172089596279e+05 -1.394816616133218304e+04 1.000000000002441709e+02 7.441549331176037896e+00
5.297827661873366451e+05 -1.399708423024883996e+04 1.000000000000291607e+02 7.441542346131751806e+00
5.304038974368566414e+05 -1.404600229916549688e+04 9.999999999993809752e+01 7.441535324621051828e+00
5.310241109590652632e+05 -1.409492036808215380e+04 9.999999999848647292e+01 7.441528284862893194e+00
5.316434067545742728e+05 -1.414383843699881072e+04 1.000000000001852527e+02 7.441521229670493121e+00
5.322617848218032159e+05 -1.419275650591546764e+04 9.999999999994886934e+01 7.441514145405991876e+00
5.328792451617652550e+05 -1.424167457483212456e+04 9.999999999865663369e+01 7.441507044787688763e+00
5.334957877733643400e+05 -1.429059264374878148e+04 1.000000000008890026e+02 7.441499908142607644e+00
5.341114126585307531e+05 -1.433951071266543840e+04 1.000000000001194280e+02 7.441492761550523305e+00
5.347261198165318929e+05 -1.438842878158209714e+04 1.000000000033624303e+02 7.441485594897220501e+00
5.353399092431032332e+05 -1.443734685049875588e+04 1.000000000012874040e+02 7.441478378310177000e+00
5.359527809440620476e+05 -1.448626491941541281e+04 9.999999999849789845e+01 7.441471151422099695e+00
5.365647349183872575e+05 -1.453518298833206973e+04 1.000000000003001901e+02 7.441463908487923717e+00
5.371757711618135218e+05 -1.458410105724872665e+04 9.999999999317648758e+01 7.441456623202399534e+00
5.377858896822476527e+05 -1.463301912616538357e+04 9.999999999991575805e+01 7.441449334591473175e+00
5.383950904724580469e+05 -1.468193719508204049e+04 9.999999999936117945e+01 7.441442016393440717e+00
5.390033735352684744e+05 -1.473085526399869741e+04 1.000000000010956853e+02 7.441434664720555148e+00
5.396107388703606557e+05 -1.477977333291535433e+04 1.000000000037758525e+02 7.441427292206055810e+00
5.402171864754130365e+05 -1.482869140183201307e+04 9.999999999996092015e+01 7.441419879320968711e+00
5.408227163543198258e+05 -1.487760947074866999e+04 9.999999999717636001e+01 7.441412456511212525e+00
5.414273285077093169e+05 -1.492652753966532691e+04 1.000000000005974670e+02 7.441405016053069588e+00
5.420310229322751984e+05 -1.497544560858198383e+04 1.000000000012958168e+02 7.441397546281435460e+00
5.426337996273251483e+05 -1.502436367749864075e+04 1.000000000002353602e+02 7.441390037003007940e+00
5.432356585956733907e+05 -1.507328174641529768e+04 9.999999999927234740e+01 7.441382511143943113e+00
5.438365998355229385e+05 -1.512219981533195460e+04 9.999999999966122743e+01 7.441374952329335990e+00
5.444366233499195660e+05 -1.517111788424861152e+04 9.999999999979752374e+01 7.441367380759168704e+00
5.450357291355157504e+05 -1.522003595316526844e+04 9.999999999947117146e+01 7.441359780672176960e+00
5.456339171922720270e+05 -1.526895402208192718e+04 1.000000000011191048e+02 7.441352139837385415e+00
5.462311875220777001e+05 -1.531787209099858410e+04 1.000000000006489387e+02 7.441344482606404576e+00
5.468275401251859730e+05 -1.536679015991524102e+04 1.000000000003339693e+02 7.441336808062768426e+00
5.474229749999828637e+05 -1.541570822883189794e+04 9.999999999870608747e+01 7.441329101327760931e+00
5.480174921465257648e+05 -1.546462629774855486e+04 1.000000000015956942e+02 7.441321360636432125e+00
5.486110915645920904e+05 -1.551354436666521178e+04 9.999999999898882663e+01 7.441313590305976611e+00
5.492037732566702180e+05 -1.556246243558186870e+04 9.999999999840071041e+01 7.441305804350997199e+00
5.497955372183533618e+05 -1.561138050449852562e+04 9.999999999940148143e+01 7.441297967574358907e+00
5.503863834556482034e+05 -1.566029857341518255e+04 9.999999999945850959e+01 7.441290134223587316e+00
5.509763119642907986e+05 -1.570921664233184310e+04 1.000000000002539480e+02 7.441282266334757978e+00
5.515653227432232816e+05 -1.575813471124850003e+04 9.999999999925661598e+01 7.441274352745995024e+00
5.521534157968667569e+05 -1.580705278016515695e+04 9.999999999996811084e+01 7.441266428009111422e+00
5.527405911225219024e+05 -1.585597084908181387e+04 1.000000000010083170e+02 7.441258477041227337e+00
5.533268487200143281e+05 -1.590488891799847079e+04 1.000000000001607674e+02 7.441250495626947625e+00
5.539121885895723244e+05 -1.595380698691512771e+04 9.999999999972837372e+01 7.441242479707883106e+00
5.544966107310799416e+05 -1.600272505583178463e+04 1.000000000016424622e+02 7.441234433304843243e+00
5.550801151448873570e+05 -1.605164312474844155e+04 9.999999999863452160e+01 7.441226363093038643e+00
5.556627018298824551e+05 -1.610056119366509847e+04 1.000000000029117331e+02 7.441218247677156228e+00
5.562443707903166069e+05 -1.614947926258175721e+04 9.999999999912448345e+01 7.441210136028239219e+00
5.568251220215244684e+05 -1.619839733149841413e+04 9.999999999992319033e+01 7.441201982062672471e+00
5.574049555227397941e+05 -1.624731540041507105e+04 9.999999999900192904e+01 7.441193775217175954e+00
5.579838712989689084e+05 -1.629623346933172797e+04 1.000000000010903420e+02 7.441185566337082946e+00
5.585618693494849140e+05 -1.634515153824838490e+04 1.000000000075359452e+02 7.441177336425920608e+00
5.591389496671779780e+05 -1.639406960716504182e+04 9.999999999969524822e+01 7.441169046934676068e+00
5.597151122591573512e+05 -1.644298767608169874e+04 1.000000000011999646e+02 7.441160736674588883e+00
5.602903571243484039e+05 -1.649190574499835566e+04 1.000000000014081110e+02 7.441152401950362538e+00
5.608646842594295740e+05 -1.654082381391501258e+04 1.000000000017553106e+02 7.441144019954847977e+00
5.614380936696192948e+05 -1.658974188283166950e+04 1.000000000011320367e+02 7.441135636469540238e+00
5.620105853510996094e+05 -1.663865995174832642e+04 1.000000000011663701e+02 7.441127210803234249e+00
5.625821593053562101e+05 -1.668757802066498334e+04 9.999999999741373813e+01 7.441118760317435132e+00
5.631528155304543907e+05 -1.673649608958164390e+04 9.999999999840183307e+01 7.441110260045889824e+00
5.637225540297754342e+05 -1.678541415849830082e+04 9.999999999827002739e+01 7.441101751602019476e+00
5.642913748007552931e+05 -1.683433222741496138e+04 1.000000000000642899e+02 7.441093200654893991e+00
5.648592778434241191e+05 -1.688325029633161830e+04 9.999999999932470018e+01 7.441084619773788766e+00
5.654262631568365032e+05 -1.693216836524827522e+04 9.999999999945831064e+01 7.441075987708309469e+00
5.659923307453196030e+05 -1.698108643416493214e+04 9.999999999968940756e+01 7.441067350289360505e+00
5.665574806046301965e+05 -1.703000450308158906e+04 9.999999999767233305e+01 7.441058673765517106e+00
5.671217127383969491e+05 -1.707892257199824599e+04 9.999999999891514335e+01 7.441049983680722235e+00
5.676850271407893160e+05 -1.712784064091490291e+04 1.000000000013493207e+02 7.441041220333562300e+00
5.682474238176569343e+05 -1.717675870983155983e+04 9.999999999940327200e+01 7.441032447614188250e+00
5.688089027677722042e+05 -1.722567677874821675e+04 9.999999999948909135e+01 7.441023653199774657e+00
5.693694639878737507e+05 -1.727459484766487367e+04 1.000000000011695818e+02 7.441014805236272345e+00
5.699291074823432136e+05 -1.732351291658153059e+04 1.000000000003139888e+02 7.441005939748249531e+00
5.704878332471477333e+05 -1.737243098549818751e+04 1.000000000004428387e+02 7.440997030462529693e+00
5.710456412853472866e+05 -1.742134905441484443e+04 1.000000000011329604e+02 7.440988089604767985e+00
5.716025315962119494e+05 -1.747026712333150135e+04 9.999999999989105959e+01 7.440979125804188854e+00
5.721585041772787226e+05 -1.751918519224815827e+04 9.999999999986559374e+01 7.440970104316098066e+00
5.727135590331262210e+05 -1.756810326116481519e+04 1.000000000009652865e+02 7.440961073797963898e+00
5.732676961599483620e+05 -1.761702133008147212e+04 9.999999999869952205e+01 7.440951999935494499e+00
5.738209155601025559e+05 -1.766593939899812904e+04 1.000000000009067946e+02 7.440942895303966687e+00
5.743732172311664326e+05 -1.771485746791478959e+04 9.999999999881936219e+01 7.440933750195370067e+00
5.749246011755433865e+05 -1.776377553683144652e+04 9.999999999964522601e+01 7.440924572088716715e+00
5.754750673908113968e+05 -1.781269360574810344e+04 9.999999999916273907e+01 7.440915353823311484e+00
5.760246158786938759e+05 -1.786161167466476036e+04 9.999999999994105337e+01 7.440906095860164271e+00
5.765732466401717393e+05 -1.791052974358141728e+04 1.000000000005589129e+02 7.440896822728571003e+00
5.771209596733783837e+05 -1.795944781249807420e+04 1.000000000000154188e+02 7.440887502579648149e+00
5.776677549780742265e+05 -1.800836588141473112e+04 1.000000000003654748e+02 7.440878142019469621e+00
5.782136325571472989e+05 -1.805728395033138804e+04 9.999999999892285985e+01 7.440868768625962026e+00
5.787585924068107270e+05 -1.810620201924804496e+04 9.999999999921224969e+01 7.440859339581531451e+00
5.793026345286770957e+05 -1.815512008816470188e+04 9.999999999930462025e+01 7.440849871217194433e+00
5.798457589237313950e+05 -1.820403815708135880e+04 1.000000000000036096e+02 7.440840380639246909e+00
5.803879655906715197e+05 -1.825295622599801573e+04 1.000000000025923015e+02 7.440830845155616657e+00
5.809292545289497357e+05 -1.830187429491467265e+04 1.000000000018511770e+02 7.440821262760120902e+00
5.814696257394978311e+05 -1.835079236383132957e+04 1.000000000007309211e+02 7.440811643042031243e+00
5.820090792230346706e+05 -1.839971043274798649e+04 9.999999999991005950e+01 7.440801999831855085e+00
5.825476149795234669e+05 -1.844862850166464341e+04 9.999999999980879295e+01 7.440792320602947818e+00
5.830852330071552424e+05 -1.849754657058130033e+04 1.000000000004338006e+02 7.440782594806269579e+00
5.836219333081220975e+05 -1.854646463949795725e+04 1.000000000001950724e+02 7.440772836639808041e+00
5.841577158797183074e+05 -1.859538270841461781e+04 1.000000000006803447e+02 7.440763028060962014e+00
5.846925807253664825e+05 -1.864430077733127473e+04 1.000000000008212169e+02 7.440753194194312137e+00
5.852265278430579929e+05 -1.869321884624793165e+04 9.999999999989987032e+01 7.440743324319754493e+00
5.857595572323272936e+05 -1.874213691516458857e+04 9.999999999972263254e+01 7.440733407325970106e+00
5.862916688937897561e+05 -1.879105498408124913e+04 1.000000000015135129e+02 7.440723443931632985e+00
5.868228628281465499e+05 -1.883997305299790605e+04 9.999999999986236787e+01 7.440713454587070785e+00
5.873531390335068572e+05 -1.888889112191456297e+04 1.000000000003924470e+02 7.440703412623288493e+00
5.878824975127313519e+05 -1.893780919083121989e+04 9.999999999926907890e+01 7.440693341717440568e+00
5.884109382638589013e+05 -1.898672725974787681e+04 9.999999999891439018e+01 7.440683233649382444e+00
5.889384612873963779e+05 -1.903564532866453374e+04 1.000000000004663150e+02 7.440673077872099306e+00
5.894650665827130433e+05 -1.908456339758119066e+04 1.000000000001065956e+02 7.440662886238971652e+00
5.899907541509160073e+05 -1.913348146649784758e+04 9.999999999906457049e+01 7.440652653910136749e+00
5.905155239900989691e+05 -1.918239953541450450e+04 9.999999999800309070e+01 7.440642366772097560e+00
5.910393761028287699e+05 -1.923131760433116142e+04 9.999999999880829193e+01 7.440632053329561124e+00
5.915623104869822273e+05 -1.928023567324781834e+04 9.999999999828176556e+01 7.440621688294979386e+00
5.920843271431614412e+05 -1.932915374216447526e+04 9.999999999938781059e+01 7.440611276688361642e+00
5.926054260744081112e+05 -1.937807181108113218e+04 9.999999999981136511e+01 7.440600857785372391e+00
5.931256072753024055e+05 -1.942698987999778910e+04 9.999999999989819344e+01 7.440590366752226181e+00
5.936448707488391083e+05 -1.947590794891444966e+04 9.999999999859811339e+01 7.440579835023265254e+00
5.941632164942552336e+05 -1.952482601783110658e+04 1.000000000000329550e+02 7.440569255031112661e+00
5.946806445130117936e+05 -1.957374408674776350e+04 9.999999999927723593e+01 7.440558646579829016e+00
5.951971548040140187e+05 -1.962266215566442042e+04 9.999999999964771291e+01 7.440547992262482424e+00
5.957127473678914830e+05 -1.967158022458107735e+04 1.000000000014561294e+02 7.440537301590605779e+00
5.962274222014201805e+05 -1.972049829349773427e+04 1.000000000008029133e+02 7.440526536812721581e+00
5.967411793096872279e+05 -1.976941636241439119e+04 9.999999999972364151e+01 7.440515757858542578e+00
5.972540186889161123e+05 -1.981833443133104811e+04 9.999999999712436249e+01 7.440504924219085048e+00
5.977659403405704070e+05 -1.986725250024770503e+04 9.999999999909523751e+01 7.440494035368898196e+00
5.982769442658848129e+05 -1.991617056916436195e+04 9.999999999972692422e+01 7.440483124201827891e+00
5.987870304626373108e+05 -1.996508863808101887e+04 1.000000000021621958e+02 7.440472152028870134e+00
5.992961989315587562e+05 -2.001400670699767579e+04 1.000000000007825207e+02 7.440461138647978423e+00
5.998044496711862739e+05 -2.006292477591433271e+04 9.999999999993286792e+01 7.440450061463858233e+00
6.003117826856605243e+05 -2.011184284483098963e+04 1.000000000021358773e+02 7.440438962297400316e+00
6.008181979707331629e+05 -2.016076091374764655e+04 1.000000000009006698e+02 7.440427802245379141e+00
6.013236955291159684e+05 -2.020967898266430348e+04 9.999999999941923079e+01 7.440416610059324753e+00
6.018282753590570064e+05 -2.025859705158096040e+04 9.999999999842761156e+01 7.440405358782018475e+00
6.023319374618636211e+05 -2.030751512049761732e+04 1.000000000012456525e+02 7.440394066635716896e+00
6.028346818365888903e+05 -2.035643318941427424e+04 1.000000000003174705e+02 7.440382724143122850e+00
6.033365084837874165e+05 -2.040535125833093480e+04 1.000000000003339693e+02 7.440371337162822840e+00
6.038374174021355575e+05 -2.045426932724759172e+04 1.000000000027556410e+02 7.440359883309425548e+00
6.043374085948506836e+05 -2.050318739616424864e+04 9.999999999973738340e+01 7.440348409580091804e+00
6.048364820591312600e+05 -2.055210546508090556e+04 9.999999999947182516e+01 7.440336877485575151e+00
6.053346377949160524e+05 -2.060102353399756248e+04 9.999999999994436450e+01 7.440325286926090520e+00
6.058318758026730502e+05 -2.064994160291421940e+04 1.000000000002798117e+02 7.440313641103744935e+00
6.063281960848895833e+05 -2.069885967183087632e+04 1.000000000038546801e+02 7.440301977513155585e+00
6.068235986367393052e+05 -2.074777774074753324e+04 9.999999999940911266e+01 7.440290227754365660e+00
6.073180834619492525e+05 -2.079669580966419016e+04 1.000000000004460361e+02 7.440278437640849063e+00
6.078116505598977674e+05 -2.084561387858084709e+04 1.000000000001684981e+02 7.440266609192194736e+00
6.083042999293841422e+05 -2.089453194749750401e+04 1.000000000009617764e+02 7.440254716964513904e+00
6.087960315716156038e+05 -2.094345001641416093e+04 1.000000000008132872e+02 7.440242775541815234e+00
6.092868454859867925e+05 -2.099236808533081785e+04 1.000000000009773942e+02 7.440230781797799509e+00
6.097767416727725649e+05 -2.104128615424747477e+04 9.999999999919089078e+01 7.440218746350426571e+00
6.102657201319633750e+05 -2.109020422316413169e+04 1.000000000002402061e+02 7.440206652094883744e+00
6.107537808635380352e+05 -2.113912229208078861e+04 1.000000000015516264e+02 7.440194505984327300e+00
6.112409238669668557e+05 -2.118804036099744553e+04 1.000000000014548078e+02 7.440182303632073335e+00
6.117271491431023460e+05 -2.123695842991410245e+04 1.000000000003559393e+02 7.440170056039793423e+00
6.122124566904352978e+05 -2.128587649883076301e+04 9.999999999574752962e+01 7.440157739324312125e+00
6.126968465106068179e+05 -2.133479456774742357e+04 9.999999999489595837e+01 7.440145377464999044e+00
6.131803186037077103e+05 -2.138371263666408049e+04 9.999999999851580412e+01 7.440132956062720737e+00
6.136628729695301736e+05 -2.143263070558073741e+04 1.000000000003467449e+02 7.440120496538450645e+00
6.141445096070510335e+05 -2.148154877449739433e+04 1.000000000004947083e+02 7.440107974396929613e+00
6.146252285156500293e+05 -2.153046684341405125e+04 1.000000000000362945e+02 7.440095377271084054e+00
6.151050296980856219e+05 -2.157938491233070818e+04 1.000000000009194991e+02 7.440082744619704869e+00
6.155839131522105308e+05 -2.162830298124736510e+04 1.000000000001894307e+02 7.440070051262734907e+00
6.160618788786836667e+05 -2.167722105016402202e+04 1.000000000003469580e+02 7.440057299409295943e+00
6.165389268765543820e+05 -2.172613911908067894e+04 9.999999999994099653e+01 7.440044480540437988e+00
6.170150571481219959e+05 -2.177505718799733586e+04 1.000000000003093845e+02 7.440031620629860676e+00
6.174902696913268883e+05 -2.182397525691399278e+04 1.000000000006937029e+02 7.440018693538534400e+00
6.179645645063443808e+05 -2.187289332583064970e+04 9.999999999907939241e+01 7.440005708354399339e+00
6.184379415945531800e+05 -2.192181139474730662e+04 1.000000000006316867e+02 7.439992671587960515e+00
6.189104009548679460e+05 -2.197072946366396354e+04 1.000000000003063292e+02 7.439979572398484287e+00
6.193819425865315134e+05 -2.201964753258062046e+04 1.000000000019732340e+02 7.439966403392570093e+00
6.198525664914353983e+05 -2.206856560149727738e+04 1.000000000007608634e+02 7.439953184438234501e+00
6.203222726677649189e+05 -2.211748367041393431e+04 9.999999999878885149e+01 7.439939897186785167e+00
6.207910611175665399e+05 -2.216640173933059486e+04 9.999999999947930007e+01 7.439926562739070270e+00
6.212589318388242973e+05 -2.221531980824725179e+04 1.000000000001217728e+02 7.439913155031349312e+00
6.217258848327822052e+05 -2.226423787716390871e+04 9.999999999946504659e+01 7.439899697437444281e+00
6.221919200991338585e+05 -2.231315594608056563e+04 1.000000000011354473e+02 7.439886173506953249e+00
6.226570376369351288e+05 -2.236207401499722255e+04 1.000000000004816769e+02 7.439872577937911124e+00
6.231212374473569216e+05 -2.241099208391387947e+04 1.000000000010442136e+02 7.439858921782347423e+00
6.235845195307789836e+05 -2.245991015283053639e+04 1.000000000004777974e+02 7.439845213563939019e+00
6.240468838865238940e+05 -2.250882822174719331e+04 1.000000000000493543e+02 7.439831446672210191e+00
6.245083305131165544e+05 -2.255774629066385023e+04 9.999999999953195129e+01 7.439817589786883012e+00
6.249688594125939999e+05 -2.260666435958050715e+04 9.999999999929895012e+01 7.439803676529132659e+00
6.254284705850448227e+05 -2.265558242849716407e+04 9.999999999879130996e+01 7.439789714528455278e+00
6.258871640292737866e+05 -2.270450049741382099e+04 9.999999999925937288e+01 7.439775675470708727e+00
6.263449397452594712e+05 -2.275341856633047792e+04 1.000000000002943352e+02 7.439761559787752887e+00
6.268017977351199370e+05 -2.280233663524713484e+04 9.999999999994162181e+01 7.439747406614520386e+00
6.272577379959804239e+05 -2.285125470416379176e+04 9.999999999986812327e+01 7.439733163047276499e+00
6.277127605283454759e+05 -2.290017277308044868e+04 9.999999999670566808e+01 7.439718844630950123e+00
6.281668653346667998e+05 -2.294909084199710560e+04 9.999999999952039786e+01 7.439704478311507607e+00
6.286200524130507838e+05 -2.299800891091376252e+04 9.999999999951303664e+01 7.439690043501496319e+00
6.290723217628817074e+05 -2.304692697983042308e+04 1.000000000013626931e+02 7.439675524456514921e+00
6.295236733856736682e+05 -2.309584504874708000e+04 1.000000000001075477e+02 7.439660950449314747e+00
6.299741072802669369e+05 -2.314476311766373692e+04 9.999999999980404652e+01 7.439646298130012880e+00
6.304236234471403295e+05 -2.319368118658039384e+04 9.999999999994740563e+01 7.439631572491856915e+00
6.308722218870511279e+05 -2.324259925549705076e+04 9.999999999986864907e+01 7.439616788822036142e+00
6.313199025985127082e+05 -2.329151732441370768e+04 1.000000000009825953e+02 7.439601923305699138e+00
6.317666655822942266e+05 -2.334043539333036460e+04 1.000000000002526974e+02 7.439586987264661389e+00
6.322125108387756627e+05 -2.338935346224702153e+04 1.000000000018655584e+02 7.439571983319230419e+00
6.326574383671031101e+05 -2.343827153116367845e+04 1.000000000016361383e+02 7.439556900235899661e+00
6.331014481682669139e+05 -2.348718960008033537e+04 9.999999999954923169e+01 7.439541754285817987e+00
6.335445402416199213e+05 -2.353610766899699229e+04 1.000000000017242741e+02 7.439526529056522008e+00
6.339867145856266143e+05 -2.358502573791364921e+04 9.999999999957684338e+01 7.439511207149133831e+00
6.344279712040920276e+05 -2.363394380683030613e+04 1.000000000000527223e+02 7.439495843158999477e+00
6.348683100939934375e+05 -2.368286187574696305e+04 9.999999999936689221e+01 7.439480391338356924e+00
6.353077312561266590e+05 -2.373177994466361997e+04 1.000000000003131362e+02 7.439464859922516382e+00
6.357462346905613085e+05 -2.378069801358027689e+04 9.999999999941857709e+01 7.439449253092375258e+00
6.361838203973429045e+05 -2.382961608249693745e+04 9.999999999971383602e+01 7.439433569326178386e+00
6.366204883760317462e+05 -2.387853415141359437e+04 9.999999999901280034e+01 7.439417804339096385e+00
6.370562386272958247e+05 -2.392745222033025493e+04 1.000000000013781829e+02 7.439401962004125402e+00
6.374910711512244307e+05 -2.397637028924691185e+04 1.000000000006055245e+02 7.439386048200258728e+00
6.379249859467352508e+05 -2.402528835816356877e+04 9.999999999932595074e+01 7.439370043756839301e+00
6.383579830149792833e+05 -2.407420642708022569e+04 1.000000000000329692e+02 7.439353965504407640e+00
6.387900623552814359e+05 -2.412312449599688262e+04 9.999999999873323020e+01 7.439337804237602825e+00
6.392212239690449787e+05 -2.417204256491353954e+04 1.000000000017625865e+02 7.439321577534316887e+00
6.396514678534863051e+05 -2.422096063383019646e+04 9.999999999923237226e+01 7.439305246131790561e+00
6.400807940105794696e+05 -2.426987870274685338e+04 1.000000000000227374e+02 7.439288836255016690e+00
6.405092024399728980e+05 -2.431879677166351030e+04 1.000000000015080985e+02 7.439272341517565224e+00
6.409366931419378379e+05 -2.436771484058016722e+04 9.999999999714047760e+01 7.439255773376363123e+00
6.413632661160452990e+05 -2.441663290949682414e+04 9.999999999870254896e+01 7.439239112269234511e+00
6.417889213626637356e+05 -2.446555097841348106e+04 1.000000000008125483e+02 7.439222369284089531e+00
6.422136588805982610e+05 -2.451446904733013798e+04 1.000000000038127439e+02 7.439205523039227330e+00
6.426374786717442330e+05 -2.456338711624679490e+04 1.000000000003343530e+02 7.439188612285905222e+00
6.430603807354547316e+05 -2.461230518516345182e+04 1.000000000002326459e+02 7.439171615912677282e+00
6.434823650708630448e+05 -2.466122325408010875e+04 1.000000000007282210e+02 7.439154521991820701e+00
6.439034316783720860e+05 -2.471014132299676567e+04 1.000000000004093579e+02 7.439137333751406622e+00
6.443235805588213261e+05 -2.475905939191342259e+04 9.999999999868339273e+01 7.439120071214961882e+00
6.447428117110746680e+05 -2.480797746083007951e+04 1.000000000007028547e+02 7.439102706692656497e+00
6.451611251355776330e+05 -2.485689552974674007e+04 9.999999999782349391e+01 7.439085255286861376e+00
6.455785208326242864e+05 -2.490581359866339699e+04 1.000000000003070681e+02 7.439067710991145610e+00
6.459949988019454759e+05 -2.495473166758005391e+04 9.999999999915807791e+01 7.439050080507563223e+00
6.464105590431197779e+05 -2.500364973649671083e+04 9.999999999920585481e+01 7.439032345241572308e+00
6.468252015562782763e+05 -2.505256780541336775e+04 9.999999999824710528e+01 7.439014512115281086e+00
6.472389263426088728e+05 -2.510148587433002467e+04 9.999999999799508998e+01 7.438996599537301080e+00
6.476517334012780339e+05 -2.515040394324668159e+04 1.000000000011486634e+02 7.438978591584424649e+00
6.480636227316615405e+05 -2.519932201216333851e+04 1.000000000008454606e+02 7.438960479083168487e+00
6.484745943347715074e+05 -2.524824008107999543e+04 9.999999999910696147e+01 7.438942279871763930e+00
6.488846482101565925e+05 -2.529715814999665236e+04 1.000000000003009433e+02 7.438923980164831029e+00
6.492937843575486913e+05 -2.534607621891330928e+04 1.000000000002212914e+02 7.438905579164535098e+00
6.497020027767700376e+05 -2.539499428782996620e+04 9.999999999858907529e+01 7.438887070452147476e+00
6.501093034684949089e+05 -2.544391235674662312e+04 9.999999999882290069e+01 7.438868466043038197e+00
6.505156864332648693e+05 -2.549283042566328004e+04 9.999999999956388308e+01 7.438849773595100245e+00
6.509211516700997017e+05 -2.554174849457993696e+04 9.999999999900876446e+01 7.438830977633758224e+00
6.513256991787843872e+05 -2.559066656349659388e+04 9.999999999988735055e+01 7.438812067031143727e+00
6.517293289600976277e+05 -2.563958463241325080e+04 1.000000000021644126e+02 7.438793061803850470e+00
6.521320410130172968e+05 -2.568850270132990772e+04 9.999999999822900065e+01 7.438773943759245277e+00
6.525338353391078999e+05 -2.573742077024656828e+04 9.999999999977679010e+01 7.438754734061262752e+00
6.529347119371080771e+05 -2.578633883916322520e+04 1.000000000013659474e+02 7.438735409846791491e+00
6.533346708072869806e+05 -2.583525690807988212e+04 1.000000000000254232e+02 7.438715980611383394e+00
6.537337119497380918e+05 -2.588417497699653904e+04 1.000000000009025740e+02 7.438696440324159553e+00
6.541318353643538430e+05 -2.593309304591319597e+04 9.999999999718107802e+01 7.438676794706559292e+00
6.545290410515958210e+05 -2.598201111482985289e+04 1.000000000000499512e+02 7.438657039770169455e+00
6.549253290112235118e+05 -2.603092918374650981e+04 9.999999999973680076e+01 7.438637182204119291e+00
6.553206992425572826e+05 -2.607984725266316673e+04 9.999999999973167064e+01 7.438617200211731451e+00
6.557151517463176278e+05 -2.612876532157982365e+04 9.999999999946130913e+01 7.438597108161560278e+00
6.561086865231426200e+05 -2.617768339049648057e+04 1.000000000009913776e+02 7.438576917066529681e+00
6.565013035712450510e+05 -2.622660145941313749e+04 1.000000000007856471e+02 7.438556592676060397e+00
6.568930028919244651e+05 -2.627551952832979441e+04 1.000000000001924008e+02 7.438536162231169868e+00
6.572837844853781862e+05 -2.632443759724645497e+04 1.000000000004393002e+02 7.438515624409203220e+00
6.576736483502570773e+05 -2.637335566616311189e+04 1.000000000015117791e+02 7.438494948705045573e+00
6.580625944877563743e+05 -2.642227373507976881e+04 1.000000000001245297e+02 7.438474167252616454e+00
6.584506228980367305e+05 -2.647119180399642573e+04 1.000000000003647074e+02 7.438453275154333078e+00
6.588377335804532049e+05 -2.652010987291308265e+04 9.999999999965207564e+01 7.438432260584370681e+00
6.592239265346685424e+05 -2.656902794182973958e+04 9.999999999973906029e+01 7.438411113500886351e+00
6.596092017613401404e+05 -2.661794601074640013e+04 9.999999999940020246e+01 7.438389848925480052e+00
6.599935592607245781e+05 -2.666686407966305705e+04 9.999999999919938887e+01 7.438368471175652807e+00
6.603769990317318588e+05 -2.671578214857971398e+04 1.000000000009427623e+02 7.438346952459457206e+00
6.607595210749611724e+05 -2.676470021749637090e+04 1.000000000010462315e+02 7.438325310037122939e+00
6.611411253907995997e+05 -2.681361828641302782e+04 9.999999999805142181e+01 7.438303549531100956e+00
6.615218119790903293e+05 -2.686253635532968474e+04 1.000000000002304432e+02 7.438281660269594475e+00
6.619015808396368520e+05 -2.691145442424634166e+04 9.999999999795208794e+01 7.438259646105267464e+00
6.622804319724573288e+05 -2.696037249316299858e+04 9.999999999945721640e+01 7.438237498945975190e+00
6.626583653770248638e+05 -2.700929056207965550e+04 1.000000000004944809e+02 7.438215210502236552e+00
6.630353810549385380e+05 -2.705820863099631242e+04 9.999999999966344433e+01 7.438192814011263643e+00
6.634114790043140529e+05 -2.710712669991296934e+04 1.000000000000314628e+02 7.438170265330030340e+00
6.637866592260122998e+05 -2.715604476882962626e+04 1.000000000008316476e+02 7.438147582263463065e+00
6.641609217204987071e+05 -2.720496283774628318e+04 1.000000000005921663e+02 7.438124776282787565e+00
6.645342664864674443e+05 -2.725388090666294011e+04 1.000000000005191367e+02 7.438101815377301307e+00
6.649066935250257375e+05 -2.730279897557959703e+04 1.000000000008279812e+02 7.438078722457738046e+00
6.652782028362738201e+05 -2.735171704449625395e+04 1.000000000003977334e+02 7.438055501820295845e+00
6.656487944197920151e+05 -2.740063511341291087e+04 1.000000000000429736e+02 7.438032139286446132e+00
6.660184682751471410e+05 -2.744955318232956779e+04 1.000000000006276082e+02 7.438008624417750347e+00
6.663872244030525908e+05 -2.749847125124622835e+04 9.999999999972250464e+01 7.437984972906584780e+00
6.667550628028678475e+05 -2.754738932016288527e+04 1.000000000010124523e+02 7.437961167263082984e+00
6.671219834751216695e+05 -2.759630738907954219e+04 1.000000000008146799e+02 7.437937219582993364e+00
6.674879864199082367e+05 -2.764522545799619911e+04 9.999999999940276041e+01 7.437913132116693582e+00
6.678530716367773712e+05 -2.769414352691285603e+04 1.000000000002574438e+02 7.437888889276190518e+00
6.682172391257978743e+05 -2.774306159582951295e+04 1.000000000008161862e+02 7.437864494565731732e+00
6.685804888876349432e+05 -2.779197966474616987e+04 9.999999999864854772e+01 7.437839963516312380e+00
6.689428209216610994e+05 -2.784089773366282679e+04 1.000000000051349502e+02 7.437815268970587645e+00
6.693042352272754069e+05 -2.788981580257948372e+04 1.000000000000822098e+02 7.437790414571482600e+00
6.696647318056920776e+05 -2.793873387149614064e+04 9.999999999980892085e+01 7.437765412653820185e+00
6.700243106557501014e+05 -2.798765194041279756e+04 9.999999999838806275e+01 7.437740239910031192e+00
6.703829717787489062e+05 -2.803657000932945448e+04 9.999999999911845805e+01 7.437714921351106234e+00
6.707407151741849957e+05 -2.808548807824611140e+04 9.999999999974987475e+01 7.437689449397758779e+00
6.710975408419407904e+05 -2.813440614716276832e+04 1.000000000003637979e+02 7.437663816084891799e+00
6.714534487816807814e+05 -2.818332421607942524e+04 9.999999999892231983e+01 7.437638010515651210e+00
6.718084389930369798e+05 -2.823224228499608216e+04 1.000000000012587975e+02 7.437612023054865240e+00
6.721625114777504932e+05 -2.828116035391273908e+04 1.000000000007674572e+02 7.437585900000024175e+00
6.725156662342450581e+05 -2.833007842282939600e+04 9.999999999980312282e+01 7.437559596593676048e+00
6.728679032631424488e+05 -2.837899649174605293e+04 9.999999999945950435e+01 7.437533125081041696e+00
6.732192225645259023e+05 -2.842791456066271348e+04 1.000000000016037092e+02 7.437506486747559542e+00
6.735696241377828410e+05 -2.847683262957937040e+04 1.000000000002371223e+02 7.437479668061776295e+00
6.739191079832795076e+05 -2.852575069849602733e+04 9.999999999948906293e+01 7.437452672248090479e+00
6.742676741014708532e+05 -2.857466876741268425e+04 1.000000000003840626e+02 7.437425509231832876e+00
6.746153224915977335e+05 -2.862358683632934117e+04 1.000000000004619380e+02 7.437398162341050778e+00
6.749620531540963566e+05 -2.867250490524599809e+04 1.000000000003335288e+02 7.437370637319618005e+00
6.753078660888752202e+05 -2.872142297416265501e+04 1.000000000010937100e+02 7.437342928886349291e+00
6.756527612955252407e+05 -2.877034104307931193e+04 9.999999999935256767e+01 7.437315030923737247e+00
6.759967387751081260e+05 -2.881925911199597249e+04 1.000000000002114149e+02 7.437286961230160642e+00
6.763397985271997750e+05 -2.886817718091262941e+04 1.000000000000680842e+02 7.437258711695569069e+00
6.766819405512744561e+05 -2.891709524982928633e+04 1.000000000021030075e+02 7.437230265940027785e+00
6.770231648474714020e+05 -2.896601331874594325e+04 1.000000000034098520e+02 7.437201623599885458e+00
6.773634714156500995e+05 -2.901493138766260017e+04 1.000000000016786856e+02 7.437172782274507732e+00
6.777028602565290639e+05 -2.906384945657925709e+04 9.999999999949154983e+01 7.437143760797732206e+00
6.780413313694389071e+05 -2.911276752549591401e+04 1.000000000026519160e+02 7.437114530696025128e+00
6.783788847550010541e+05 -2.916168559441257094e+04 1.000000000008329124e+02 7.437085115907431820e+00
6.787155204122920986e+05 -2.921060366332922786e+04 1.000000000004593375e+02 7.437055484136934069e+00
6.790512383423181018e+05 -2.925952173224588478e+04 1.000000000001584368e+02 7.437025663992933744e+00
6.793860385446031578e+05 -2.930843980116254534e+04 9.999999999813657325e+01 7.436995638728627789e+00
6.797199210195916239e+05 -2.935735787007920226e+04 1.000000000011831247e+02 7.436965415236262977e+00
6.800528857657812769e+05 -2.940627593899585918e+04 9.999999999984181898e+01 7.436934954600358694e+00
6.803849327846596716e+05 -2.945519400791251610e+04 9.999999999880340340e+01 7.436904294152972383e+00
6.807160620762947947e+05 -2.950411207682917302e+04 9.999999999894568248e+01 7.436873434449764453e+00
6.810462736397653352e+05 -2.955303014574582994e+04 1.000000000017396644e+02 7.436842345282350664e+00
6.813755674757569795e+05 -2.960194821466248686e+04 9.999999999790706795e+01 7.436811050793222577e+00
6.817039435838790378e+05 -2.965086628357914378e+04 9.999999999997793054e+01 7.436779523591148688e+00
6.820314019638780737e+05 -2.969978435249580070e+04 1.000000000026313671e+02 7.436747762671820361e+00
6.823579426169858780e+05 -2.974870242141245762e+04 1.000000000038970569e+02 7.436715805314580763e+00
6.826835655420456314e+05 -2.979762049032911455e+04 1.000000000002259242e+02 7.436683613878003918e+00
6.830082707389517454e+05 -2.984653855924577147e+04 1.000000000007154881e+02 7.436651175603217645e+00
6.833320582086691866e+05 -2.989545662816242839e+04 1.000000000004661729e+02 7.436618522380819662e+00
6.836549279506377643e+05 -2.994437469707908531e+04 1.000000000002443983e+02 7.436585635193405430e+00
6.839768799645357067e+05 -2.999329276599574223e+04 9.999999999913846693e+01 7.436552499904798275e+00
6.842979142511896789e+05 -3.004221083491239915e+04 1.000000000021851037e+02 7.436519137083689834e+00
6.846180308097529924e+05 -3.009112890382905607e+04 9.999999999810347617e+01 7.436485525399315399e+00
6.849372296408109833e+05 -3.014004697274571299e+04 1.000000000003413732e+02 7.436451670171702055e+00
6.852555107439128915e+05 -3.018896504166237355e+04 9.999999999942963314e+01 7.436417564295839888e+00
6.855728741197523195e+05 -3.023788311057903047e+04 1.000000000073154780e+02 7.436383214591369750e+00
6.858893197671334492e+05 -3.028680117949568739e+04 9.999999999998478017e+01 7.436348599188137953e+00
6.862048476875064662e+05 -3.033571924841234431e+04 9.999999999983131715e+01 7.436313747740136648e+00
6.865194578794074478e+05 -3.038463731732900123e+04 1.000000000054204747e+02 7.436278604988848961e+00
6.868331503445717972e+05 -3.043355538624565816e+04 1.000000000005428262e+02 7.436243246619087977e+00
6.871459250812337268e+05 -3.048247345516231508e+04 9.999999999914733451e+01 7.436207590360017328e+00
6.874577820905393455e+05 -3.053139152407897200e+04 1.000000000007923120e+02 7.436171678624479142e+00
6.877687213719362626e+05 -3.058030959299562892e+04 1.000000000003872884e+02 7.436135490856200292e+00
6.880787429258662742e+05 -3.062922766191228584e+04 1.000000000002610676e+02 7.436099039626071772e+00
6.883878467518818798e+05 -3.067814573082894276e+04 9.999999999951894836e+01 7.436062304560800307e+00
6.886960328500756295e+05 -3.072706379974559968e+04 9.999999999990338040e+01 7.436025285695229137e+00
6.890033012205997948e+05 -3.077598186866225660e+04 9.999999999952581220e+01 7.435987984101906534e+00
6.893096518633820815e+05 -3.082489993757891352e+04 1.000000000002602434e+02 7.435950396930957496e+00
6.896150847787432140e+05 -3.087381800649557044e+04 1.000000000014864270e+02 7.435912529755797529e+00
6.899195999663408147e+05 -3.092273607541222736e+04 9.999999999891633706e+01 7.435874371760733403e+00
6.902231974261293653e+05 -3.097165414432888429e+04 9.999999999912739668e+01 7.435835913192724966e+00
6.905258771580271423e+05 -3.102057221324554121e+04 1.000000000009341505e+02 7.435797145172763578e+00
6.908276391624106327e+05 -3.106949028216220177e+04 9.999999999951006657e+01 7.435758085718350507e+00
6.911284834388215095e+05 -3.111840835107885869e+04 9.999999999921948302e+01 7.435718708202585070e+00
6.914284099877319532e+05 -3.116732641999551561e+04 1.000000000005878320e+02 7.435679028258664225e+00
6.917274188086956274e+05 -3.121624448891217253e+04 1.000000000002428777e+02 7.435639024798214258e+00
6.920255099023518851e+05 -3.126516255782882945e+04 9.999999999729034528e+01 7.435598722180270848e+00
6.923226832680080552e+05 -3.131408062674548637e+04 9.999999999934335904e+01 7.435558085425787667e+00
6.926189389057932422e+05 -3.136299869566214693e+04 1.000000000002240483e+02 7.435517115075210626e+00
6.929142768159348052e+05 -3.141191676457880385e+04 1.000000000052474007e+02 7.435475815569812852e+00
6.932086969988843193e+05 -3.146083483349546077e+04 1.000000000014429986e+02 7.435434212809957089e+00
6.935021994535094127e+05 -3.150975290241211769e+04 1.000000000004138059e+02 7.435392245897173069e+00
6.937947841806750512e+05 -3.155867097132877461e+04 9.999999999809827500e+01 7.435349946214721228e+00
6.940864511803060304e+05 -3.160758904024543153e+04 1.000000000044126693e+02 7.435307304430929243e+00
6.943772004516255111e+05 -3.165650710916208845e+04 1.000000000002438156e+02 7.435264295251833744e+00
6.946670319954941515e+05 -3.170542517807874538e+04 1.000000000000251532e+02 7.435220939951250330e+00
6.949559458117283648e+05 -3.175434324699540230e+04 9.999999999796652617e+01 7.435177231474323634e+00
6.952439419000847265e+05 -3.180326131591205922e+04 9.999999999764639824e+01 7.435133151556555298e+00
6.955310202610326232e+05 -3.185217938482871614e+04 9.999999999878370716e+01 7.435088716401455855e+00
6.958171808938547038e+05 -3.190109745374537306e+04 9.999999999627718239e+01 7.435043894274588006e+00
6.961024237993769348e+05 -3.195001552266203362e+04 1.000000000040292463e+02 7.434998703965485234e+00
6.963867489771045512e+05 -3.199893359157869054e+04 9.999999999992681410e+01 7.434953140002526162e+00
6.966701564270863310e+05 -3.204785166049534746e+04 1.000000000006907470e+02 7.434907184285204806e+00
6.969526461490981746e+05 -3.209676972941200438e+04 9.999999999985827515e+01 7.434860826439416925e+00
6.972342181436368264e+05 -3.214568779832866130e+04 1.000000000007410961e+02 7.434814082395114099e+00
6.975148724103526911e+05 -3.219460586724531822e+04 9.999999999962452080e+01 7.434766933080381612e+00
6.977946089493548498e+05 -3.224352393616197514e+04 9.999999999942598095e+01 7.434719376826619985e+00
6.980734277605166426e+05 -3.229244200507863206e+04 1.000000000010961827e+02 7.434671402005058383e+00
6.983513288443210768e+05 -3.234136007399528899e+04 9.999999999948130380e+01 7.434623027770063786e+00
6.986283122002840973e+05 -3.239027814291194591e+04 1.000000000013906032e+02 7.434574223989218744e+00
6.989043778283681022e+05 -3.243919621182860283e+04 9.999999999895517533e+01 7.434524986365041777e+00
6.991795257289436413e+05 -3.248811428074525975e+04 1.000000000003157936e+02 7.434475322008788467e+00
6.994537559015696170e+05 -3.253703234966191667e+04 9.999999999848192545e+01 7.434425209796232004e+00
6.997270683463907335e+05 -3.258595041857857359e+04 9.999999999930115280e+01 7.434374644743077631e+00
6.999994630638947710e+05 -3.263486848749523051e+04 9.999999999793273275e+01 7.434323648805695406e+00
7.002709400534324814e+05 -3.268378655641188743e+04 9.999999999994608402e+01 7.434272182441227450e+00
7.005414993151898962e+05 -3.273270462532854435e+04 9.999999999996731503e+01 7.434220248681500998e+00
7.008111408492634073e+05 -3.278162269424520491e+04 1.000000000002948326e+02 7.434167847262779460e+00
7.010798646558753680e+05 -3.283054076316185819e+04 9.999999999887384661e+01 7.434114984128363801e+00
7.013476707345123868e+05 -3.287945883207851875e+04 9.999999999929113415e+01 7.434061624030185556e+00
7.016145590854331385e+05 -3.292837690099517204e+04 1.000000000025460167e+02 7.434007771101886597e+00
7.018805297085633501e+05 -3.297729496991183260e+04 1.000000000007730563e+02 7.433953422088342755e+00
7.021455826041615801e+05 -3.302621303882848588e+04 9.999999999939410600e+01 7.433898577419984832e+00
7.024097177719181636e+05 -3.307513110774514644e+04 9.999999999995206679e+01 7.433843216405525922e+00
7.026729352118001552e+05 -3.312404917666179972e+04 9.999999999617409685e+01 7.433787332417439941e+00
7.029352349243410863e+05 -3.317296724557846028e+04 1.000000000003034302e+02 7.433730937216143531e+00
7.031966169090699404e+05 -3.322188531449511356e+04 1.000000000015406556e+02 7.433674007773806380e+00
7.034570811658587772e+05 -3.327080338341177412e+04 1.000000000017201955e+02 7.433616527140340935e+00
7.037166276950878091e+05 -3.331972145232843468e+04 9.999999999842901843e+01 7.433558511187032813e+00
7.039752564967073267e+05 -3.336863952124508796e+04 9.999999999840770215e+01 7.433499941729049709e+00
7.042329675704631954e+05 -3.341755759016174852e+04 1.000000000010155787e+02 7.433440801089800765e+00
7.044897609165784670e+05 -3.346647565907840908e+04 9.999999999848483867e+01 7.433381096703350011e+00
7.047456365347058745e+05 -3.351539372799506236e+04 9.999999999972500575e+01 7.433320793027751172e+00
7.050005944253302878e+05 -3.356431179691172292e+04 9.999999999997926636e+01 7.433259915196410716e+00
7.052546345883441390e+05 -3.361322986582837621e+04 9.999999999808485995e+01 7.433198449385909790e+00
7.055077570234347368e+05 -3.366214793474503676e+04 9.999999999735821632e+01 7.433136363529897039e+00
7.057599617309290916e+05 -3.371106600366169005e+04 1.000000000004359890e+02 7.433073668586399840e+00
7.060112487106336048e+05 -3.375998407257835061e+04 1.000000000003983445e+02 7.433010346528528878e+00
7.062616179624381475e+05 -3.380890214149500389e+04 9.999999999624679958e+01 7.432946385569261238e+00
7.065110694868424907e+05 -3.385782021041166445e+04 9.999999999833343622e+01 7.432881795598218488e+00
7.067596032835075166e+05 -3.390673827932831773e+04 9.999999999982517807e+01 7.432816551237849900e+00
7.070072193523772294e+05 -3.395565634824497829e+04 1.000000000011370815e+02 7.432750641775825784e+00
7.072539176936872536e+05 -3.400457441716163157e+04 1.000000000049717670e+02 7.432684068002053834e+00
7.074996983068707632e+05 -3.405349248607829213e+04 9.999999999995816324e+01 7.432616791323793493e+00
7.077445611926402198e+05 -3.410241055499494541e+04 1.000000000016881927e+02 7.432548837673137676e+00
7.079885063506072620e+05 -3.415132862391160597e+04 1.000000000016987656e+02 7.432480175469289740e+00
7.082315337808161275e+05 -3.420024669282825926e+04 1.000000000010710863e+02 7.432410795333368014e+00
7.084736434834129177e+05 -3.424916476174491982e+04 1.000000000013222206e+02 7.432340696389307055e+00
7.087148354581923923e+05 -3.429808283066157310e+04 9.999999999943574380e+01 7.432269854302002265e+00
7.089551097052335972e+05 -3.434700089957823366e+04 9.999999999930709293e+01 7.432198261343650358e+00
7.091944662246170919e+05 -3.439591896849488694e+04 9.999999999903927517e+01 7.432125911591001888e+00
7.094329050163888605e+05 -3.444483703741154750e+04 1.000000000002886082e+02 7.432052794297294263e+00
7.096704260802813806e+05 -3.449375510632820078e+04 1.000000000007819239e+02 7.431978880338931504e+00
7.099070294163586805e+05 -3.454267317524486134e+04 9.999999999550890095e+01 7.431904166783776411e+00
7.101427150249689585e+05 -3.459159124416151462e+04 1.000000000004468461e+02 7.431828651268624242e+00
7.103774829059040640e+05 -3.464050931307817518e+04 1.000000000002793570e+02 7.431752317597078772e+00
7.106113330589598045e+05 -3.468942738199482847e+04 1.000000000015107133e+02 7.431675134221968904e+00
7.108442654841635376e+05 -3.473834545091148902e+04 9.999999999717887533e+01 7.431597092723289499e+00
7.110762801818316802e+05 -3.478726351982814231e+04 1.000000000023520101e+02 7.431518192152296365e+00
7.113073771517652785e+05 -3.483618158874480287e+04 1.000000000004537668e+02 7.431438413494074524e+00
7.115375563938943669e+05 -3.488509965766145615e+04 1.000000000003956018e+02 7.431357734347877830e+00
7.117668179083827417e+05 -3.493401772657811671e+04 9.999999999923713290e+01 7.431276149544929766e+00
7.119951616952649783e+05 -3.498293579549476999e+04 9.999999999898952296e+01 7.431193648260811635e+00
7.122225877542424714e+05 -3.503185386441143055e+04 1.000000000007511858e+02 7.431110188557613405e+00
7.124490960855053272e+05 -3.508077193332809838e+04 9.999999999998034639e+01 7.431025772007345154e+00
7.126746866890290985e+05 -3.512969000224475167e+04 9.999999999902961179e+01 7.430940380727877326e+00
7.128993595650412608e+05 -3.517860807116141223e+04 1.000000000012976642e+02 7.430854012363448113e+00
7.131231147132318001e+05 -3.522752614007806551e+04 1.000000000004369269e+02 7.430766629799588685e+00
7.133459521335503086e+05 -3.527644420899472607e+04 9.999999999843940657e+01 7.430678208452870415e+00
7.135678718264043564e+05 -3.532536227791137935e+04 1.000000000010947332e+02 7.430588761136863951e+00
7.137888737912531942e+05 -3.537428034682803991e+04 9.999999999980285281e+01 7.430498227628752339e+00
7.140089580285532866e+05 -3.542319841574469319e+04 1.000000000007442509e+02 7.430406627104653161e+00
7.142281245381878689e+05 -3.547211648466135375e+04 1.000000000004600622e+02 7.430313928843091276e+00
7.144463733198267873e+05 -3.552103455357800703e+04 9.999999999603187462e+01 7.430220089539807837e+00
7.146637043739842484e+05 -3.556995262249466759e+04 9.999999999912321869e+01 7.430125122979763574e+00
7.148801177004679339e+05 -3.561887069141132088e+04 9.999999999682873408e+01 7.430029002071933952e+00
7.150956132992528146e+05 -3.566778876032798144e+04 1.000000000009107737e+02 7.429931693003673843e+00
7.153101911701617064e+05 -3.571670682924463472e+04 9.999999999949531571e+01 7.429833168763953388e+00
7.155238513133164961e+05 -3.576562489816129528e+04 1.000000000011535093e+02 7.429733410512899816e+00
7.157365937288452405e+05 -3.581454296707794856e+04 9.999999999916431648e+01 7.429632411709099493e+00
7.159484184167141793e+05 -3.586346103599460912e+04 9.999999999927753436e+01 7.429530142094853851e+00
7.161593253767841961e+05 -3.591237910491126240e+04 1.000000000000665779e+02 7.429426563711617248e+00
7.163693146091398085e+05 -3.596129717382792296e+04 9.999999999986508215e+01 7.429321663723699842e+00
7.165783861137614585e+05 -3.601021524274457624e+04 1.000000000014653665e+02 7.429215410004410103e+00
7.167865398907277267e+05 -3.605913331166123680e+04 1.000000000003887095e+02 7.429107790538733269e+00
7.169937759398934431e+05 -3.610805138057789009e+04 1.000000000009685266e+02 7.428998757161204836e+00
7.172000942613503430e+05 -3.615696944949455064e+04 9.999999999982952659e+01 7.428888294901992317e+00
7.174054948552128626e+05 -3.620588751841120393e+04 1.000000000024524809e+02 7.428776387145650695e+00
7.176099777211007895e+05 -3.625480558732786449e+04 1.000000000016958523e+02 7.428662965371453097e+00
7.178135428595300764e+05 -3.630372365624451777e+04 9.999999999678611573e+01 7.428548059527691372e+00
7.180161902700278442e+05 -3.635264172516117833e+04 9.999999999924082772e+01 7.428431576825023086e+00
7.182179199530589394e+05 -3.640155979407783161e+04 1.000000000004105658e+02 7.428313542258083935e+00
7.184187319082452450e+05 -3.645047786299449217e+04 1.000000000042922750e+02 7.428193881141078592e+00
7.186186261355846655e+05 -3.649939593191114545e+04 1.000000000015398598e+02 7.428072567747796562e+00
7.188176026353614870e+05 -3.654831400082780601e+04 1.000000000006206164e+02 7.427949591869379198e+00
7.190156614074311219e+05 -3.659723206974445930e+04 9.999999999969931253e+01 7.427824903747357155e+00
7.192128024517024169e+05 -3.664615013866111985e+04 1.000000000010315517e+02 7.427698456789652681e+00
7.194090257681633811e+05 -3.669506820757777314e+04 1.000000000003286402e+02 7.427570213236067254e+00
7.196043313571261242e+05 -3.674398627649443370e+04 1.000000000016922002e+02 7.427440170542510600e+00
7.197987192181834253e+05 -3.679290434541108698e+04 9.999999999855148758e+01 7.427308247128750374e+00
7.199921893515817355e+05 -3.684182241432774754e+04 1.000000000009734009e+02 7.427174422461955139e+00
7.201847417573415441e+05 -3.689074048324440810e+04 1.000000000003244622e+02 7.427038667184695520e+00
7.203763764352949802e+05 -3.693965855216106866e+04 1.000000000024306104e+02 7.426900909868350276e+00
7.205670933855812764e+05 -3.698857662107772194e+04 1.000000000002349196e+02 7.426761133426214911e+00
7.207568926080652745e+05 -3.703749468999438250e+04 1.000000000044421000e+02 7.426619265288544547e+00
7.209457741029628087e+05 -3.708641275891103578e+04 9.999999999963783637e+01 7.426475301284980013e+00
7.211337378700547852e+05 -3.713533082782769634e+04 1.000000000011304877e+02 7.426329148800854263e+00
7.213207839094150113e+05 -3.718424889674434962e+04 1.000000000004277325e+02 7.426180779058134895e+00
7.215069122210700298e+05 -3.723316696566101018e+04 1.000000000024746782e+02 7.426030136981031760e+00
7.216921228049853817e+05 -3.728208503457766346e+04 9.999999999996092015e+01 7.425877177231298809e+00
7.218764156611677026e+05 -3.733100310349432402e+04 9.999999999962841457e+01 7.425721836447933377e+00
7.220597907896819524e+05 -3.737992117241097731e+04 9.999999999834999187e+01 7.425564073194447445e+00
7.222422481905085733e+05 -3.742883924132763786e+04 9.999999999987117860e+01 7.425403823657068969e+00
7.224237878634516383e+05 -3.747775731024429115e+04 9.999999999374254855e+01 7.425241007716356201e+00
7.226044098089291947e+05 -3.752667537916095171e+04 9.999999999975082687e+01 7.425075612324022245e+00
7.227841140264869900e+05 -3.757559344807761227e+04 1.000000000007557190e+02 7.424907519382883514e+00
7.229629005164849805e+05 -3.762451151699426555e+04 9.999999999898216174e+01 7.424736716197416264e+00
7.231407692785657709e+05 -3.767342958591092611e+04 1.000000000022664324e+02 7.424563075206587648e+00
7.233177203130635899e+05 -3.772234765482757939e+04 1.000000000004040999e+02 7.424386588573737455e+00
7.234937536198281450e+05 -3.777126572374423995e+04 1.000000000010064980e+02 7.424207154398251518e+00
7.236688691988888895e+05 -3.782018379266089323e+04 1.000000000026661979e+02 7.424024703357616772e+00
7.238430670502257999e+05 -3.786910186157755379e+04 1.000000000055180607e+02 7.423839157200769812e+00
7.240163471737281652e+05 -3.791801993049420707e+04 9.999999999937341499e+01 7.423650427204604441e+00
7.241887095696158940e+05 -3.796693799941086763e+04 1.000000000002844303e+02 7.423458452483400194e+00
7.243601542377413716e+05 -3.801585606832752092e+04 9.999999999990151878e+01 7.423263133634221411e+00
7.245306811781791039e+05 -3.806477413724418147e+04 9.999999999644873583e+01 7.423064397478361442e+00
7.247002903908689041e+05 -3.811369220616083476e+04 1.000000000041823398e+02 7.422862128130639725e+00
7.248689818759397604e+05 -3.816261027507749532e+04 9.999999999983920418e+01 7.422656279344634456e+00
7.250367556331058731e+05 -3.821152834399414860e+04 1.000000000010357013e+02 7.422446683062831063e+00
7.252036116627017036e+05 -3.826044641291080916e+04 9.999999999939539919e+01 7.422233310179925603e+00
7.253695499644823140e+05 -3.830936448182746244e+04 9.999999999469375211e+01 7.422016008643278262e+00
7.255345705386750633e+05 -3.835828255074412300e+04 9.999999999501432058e+01 7.421794709480195706e+00
7.256986733850325691e+05 -3.840720061966077628e+04 1.000000000013596377e+02 7.421569250939330509e+00
7.258618585037273588e+05 -3.845611868857743684e+04 9.999999999511142335e+01 7.421339567515635949e+00
7.260241258946482558e+05 -3.850503675749409012e+04 1.000000000004788347e+02 7.421105494842179517e+00
7.261854755578980548e+05 -3.855395482641075068e+04 9.999999999970717113e+01 7.420866945766405820e+00
7.263459074934015516e+05 -3.860287289532740397e+04 9.999999999835189612e+01 7.420623768450159474e+00
7.265054217012086883e+05 -3.865179096424407180e+04 1.000000000012822738e+02 7.420375834162113549e+00
7.266640181812591618e+05 -3.870070903316072508e+04 1.000000000001874412e+02 7.420122998322713492e+00
7.268216969336548354e+05 -3.874962710207738564e+04 9.999999999920146365e+01 7.419865136566484942e+00
7.269784579582285369e+05 -3.879854517099403893e+04 9.999999999966108533e+01 7.419602054074085906e+00
7.271343012551926076e+05 -3.884746323991069949e+04 1.000000000018984565e+02 7.419333644119750382e+00
7.272892268243941944e+05 -3.889638130882735277e+04 1.000000000005615419e+02 7.419059713581724225e+00
7.274432346658564638e+05 -3.894529937774401333e+04 9.999999999996737188e+01 7.418780090824736995e+00
7.275963247796061914e+05 -3.899421744666066661e+04 1.000000000007140244e+02 7.418494606220838783e+00
7.277484971656494308e+05 -3.904313551557732717e+04 1.000000000014891413e+02 7.418203076258207851e+00
7.278997518239269266e+05 -3.909205358449398045e+04 9.999999999985128341e+01 7.417905297141352605e+00
7.280500887545651058e+05 -3.914097165341064101e+04 9.999999999951835150e+01 7.417601095655607324e+00
7.281995079574574484e+05 -3.918988972232729429e+04 9.999999999974971843e+01 7.417290235014767141e+00
7.283480094325717073e+05 -3.923880779124395485e+04 9.999999999995408473e+01 7.416972488269602870e+00
7.284955931800303515e+05 -3.928772586016060814e+04 1.000000000003916512e+02 7.416647662394728613e+00
7.286422591997246491e+05 -3.933664392907726869e+04 1.000000000020207125e+02 7.416315485355297277e+00
7.287880074917476159e+05 -3.938556199799392198e+04 1.000000000014717614e+02 7.415975738675143702e+00
7.289328380560134538e+05 -3.943448006691058254e+04 9.999999999920883909e+01 7.415628134070974653e+00
7.290767508925651200e+05 -3.948339813582723582e+04 9.999999999861756805e+01 7.415272411990755153e+00
7.292197460014015669e+05 -3.953231620474389638e+04 9.999999999925442751e+01 7.414908284644019076e+00
7.293618233825332718e+05 -3.958123427366054966e+04 9.999999999821763197e+01 7.414535461180427056e+00
7.295029830359469634e+05 -3.963015234257721022e+04 1.000000000013809824e+02 7.414153618912058263e+00
7.296432249615649926e+05 -3.967907041149386350e+04 1.000000000014833290e+02 7.413762409271436482e+00
7.297825491595672211e+05 -3.972798848041052406e+04 9.999999999980762766e+01 7.413361548667499079e+00
7.299209556297614472e+05 -3.977690654932717734e+04 9.999999999367143744e+01 7.412950613050231397e+00
7.300584443723254371e+05 -3.982582461824383790e+04 1.000000000008238885e+02 7.412529268363111434e+00
7.301950153871031944e+05 -3.987474268716049119e+04 1.000000000012971526e+02 7.412097082515004765e+00
7.303306686741717858e+05 -3.992366075607715175e+04 9.999999999793936922e+01 7.411653658770642750e+00
7.304654042335459962e+05 -3.997257882499380503e+04 9.999999999981025667e+01 7.411198556545660843e+00
7.305992220651870593e+05 -4.002149689391046559e+04 1.000000000012211956e+02 7.410731301864784903e+00
7.307321221690955572e+05 -4.007041496282711887e+04 9.999999999793010375e+01 7.410251412359233569e+00
7.308641045453046681e+05 -4.011933303174377943e+04 1.000000000020065727e+02 7.409758376529816282e+00
7.309951691937800497e+05 -4.016825110066043999e+04 1.000000000007388508e+02 7.409251649526092720e+00
7.311253161145263584e+05 -4.021716916957709327e+04 9.999999999912702719e+01 7.408730657786868790e+00
7.312545453075463884e+05 -4.026608723849375383e+04 1.000000000007919567e+02 7.408194792634773762e+00
7.313828567728513153e+05 -4.031500530741040711e+04 1.000000000025797675e+02 7.407643428820740894e+00
7.315102505104567390e+05 -4.036392337632706767e+04 9.999999999755911517e+01 7.407075901221194414e+00
7.316367265203339048e+05 -4.041284144524372823e+04 9.999999999971670661e+01 7.406491469344171463e+00
7.317622848024659324e+05 -4.046175951416038879e+04 1.000000000005469190e+02 7.405889382461171344e+00
7.318869253569162684e+05 -4.051067758307704207e+04 9.999999999737026712e+01 7.405268866914044956e+00
7.320106481836212333e+05 -4.055959565199370263e+04 1.000000000032052441e+02 7.404629031082937018e+00
7.321334532826124923e+05 -4.060851372091035591e+04 1.000000000000451763e+02 7.403969004008449595e+00
7.322553406538802665e+05 -4.065743178982701647e+04 9.999999999752034796e+01 7.403287815913330405e+00
7.323763102974233916e+05 -4.070634985874366976e+04 1.000000000026578846e+02 7.402584435368861904e+00
7.324963622132372111e+05 -4.075526792766033032e+04 9.999999999828986574e+01 7.401857789883981908e+00
7.326154964013485005e+05 -4.080418599657698360e+04 1.000000000036288696e+02 7.401106720286809271e+00
7.327337128617332783e+05 -4.085310406549364416e+04 9.999999999621269353e+01 7.400329999215107257e+00
7.328510115944084246e+05 -4.090202213441029744e+04 1.000000000064836172e+02 7.399526290721503585e+00
7.329673925993307494e+05 -4.095094020332695800e+04 1.000000000020653488e+02 7.398694189343335559e+00
7.330828558765677735e+05 -4.099985827224361128e+04 1.000000000012780390e+02 7.397832213173880511e+00
7.331974014260547701e+05 -4.104877634116027184e+04 9.999999999742918533e+01 7.396938708817949681e+00
7.333110292478203773e+05 -4.109769441007692512e+04 9.999999999865845268e+01 7.396011959379137579e+00
7.334237393418685533e+05 -4.114661247899358568e+04 9.999999999811470275e+01 7.395050111461950237e+00
7.335355317081985995e+05 -4.119553054791023897e+04 9.999999999816259333e+01 7.394051166207651349e+00
7.336464063468090026e+05 -4.124444861682689952e+04 1.000000000010117702e+02 7.393012967965671756e+00
7.337563632576890523e+05 -4.129336668574355281e+04 9.999999999846508558e+01 7.391933196776201420e+00
7.338654024408569094e+05 -4.134228475466021337e+04 1.000000000011505534e+02 7.390809354163423883e+00
7.339735238962884760e+05 -4.139120282357686665e+04 1.000000000032547689e+02 7.389638722441256746e+00
7.340807276239978382e+05 -4.144012089249352721e+04 1.000000000004249472e+02 7.388418390713448858e+00
7.341870136239867425e+05 -4.148903896141018049e+04 9.999999999943376849e+01 7.387145178573899074e+00
7.342923818962603109e+05 -4.153795703032684105e+04 9.999999999683649321e+01 7.385815650414631506e+00
7.343968324408004992e+05 -4.158687509924349433e+04 1.000000000013965007e+02 7.384426037585419600e+00
7.345003652576198801e+05 -4.163579316816015489e+04 1.000000000008296865e+02 7.382972279105981528e+00
7.346029803467101883e+05 -4.168471123707680817e+04 1.000000000008506476e+02 7.381449913616138225e+00
7.347046777080851607e+05 -4.173362930599346873e+04 9.999999999826773944e+01 7.379854088257634004e+00
7.348054573417296633e+05 -4.178254737491012202e+04 1.000000000022508004e+02 7.378179449764145303e+00
7.349053192476367112e+05 -4.183146544382678258e+04 9.999999999885604041e+01 7.376420150240938334e+00
7.350042634258191101e+05 -4.188038351274343586e+04 9.999999999974944842e+01 7.374569762841075793e+00
7.351022898762912955e+05 -4.192930158166009642e+04 9.999999999696620989e+01 7.372621221391217006e+00
7.351993985990157817e+05 -4.197821965057674970e+04 9.999999999915249305e+01 7.370566640447350437e+00
7.352955895940276096e+05 -4.202713771949341026e+04 9.999999999947050355e+01 7.368397403143852387e+00
7.353908628612903412e+05 -4.207605578841006354e+04 9.999999999451797805e+01 7.366103834879747403e+00
7.354852184008467011e+05 -4.212497385732672410e+04 1.000000000026289513e+02 7.363675274656722891e+00
7.355786562126511708e+05 -4.217389192624337738e+04 1.000000000050003450e+02 7.361099716965607165e+00
7.356711762967352988e+05 -4.222280999516004522e+04 9.999999999981120880e+01 7.358363840105713649e+00
7.357627786530900048e+05 -4.227172806407669850e+04 1.000000000089011962e+02 7.355452602688386854e+00
7.358534632816913072e+05 -4.232064613299335906e+04 1.000000000033123086e+02 7.352349076718048160e+00
7.359432301825707546e+05 -4.236956420191001234e+04 1.000000000025459315e+02 7.349034213406106630e+00
7.360320793557035504e+05 -4.241848227082667290e+04 9.999999999611192436e+01 7.345486318576333495e+00
7.361200108011055272e+05 -4.246740033974332619e+04 1.000000000032630680e+02 7.341680769065587420e+00
7.362070245187593391e+05 -4.251631840865998674e+04 9.999999999815605634e+01 7.337589393902915980e+00
7.362931205086671980e+05 -4.256523647757664003e+04 9.999999999916391857e+01 7.333179877230210586e+00
7.363782987708300352e+05 -4.261415454649330059e+04 9.999999999745982393e+01 7.328414995269283416e+00
7.364625593052394688e+05 -4.266307261540996114e+04 9.999999999983187138e+01 7.323251606339418629e+00
7.365459021118972450e+05 -4.271199068432661443e+04 9.999999999886911439e+01 7.317639533952557507e+00
7.366283271907923045e+05 -4.276090875324327499e+04 9.999999999839867826e+01 7.311520006468009036e+00
7.367098345419247635e+05 -4.280982682215992827e+04 9.999999999357939373e+01 7.304823888330598258e+00
7.367904241652830970e+05 -4.285874489107658883e+04 1.000000000002924310e+02 7.297469222172304093e+00
7.368700960608618334e+05 -4.290766295999324211e+04 1.000000000003945928e+02 7.289358322901290599e+00
7.369488502286560833e+05 -4.295658102890990267e+04 1.000000000013053096e+02 7.280373816031484147e+00
7.370266866686489666e+05 -4.300549909782655595e+04 1.000000000021844642e+02 7.270373528825491150e+00
7.371036053808324505e+05 -4.305441716674321651e+04 1.000000000010946195e+02 7.259183870257293947e+00
7.371796063651877921e+05 -4.310333523565986980e+04 9.999999999860877153e+01 7.246590750963020078e+00
7.372546896216964815e+05 -4.315225330457653035e+04 1.000000000067147141e+02 7.232327495352167013e+00
7.373288551503310446e+05 -4.320117137349318364e+04 9.999999999740474266e+01 7.216058112004096081e+00
7.374021029510637745e+05 -4.325008944240984420e+04 9.999999999662618677e+01 7.197353910993644632e+00
7.374744330238498515e+05 -4.329900751132649748e+04 1.000000000017570585e+02 7.175660223945929062e+00
7.375458453686410794e+05 -4.334792558024315804e+04 9.999999999729620015e+01 7.150248249443825088e+00
7.376163399853656301e+05 -4.339684364915981132e+04 1.000000000008052439e+02 7.120143167782074123e+00
7.376859168739286251e+05 -4.344576171807647188e+04 1.000000000024420928e+02 7.084015072240476663e+00
7.377545760342035210e+05 -4.349467978699312516e+04 9.999999999529327965e+01 7.040007788680879841e+00
7.378223174660067307e+05 -4.354359785590978572e+04 1.000000000038881183e+02 6.985461356704202096e+00
7.378891411690742243e+05 -4.359251592482643900e+04 1.000000000079481026e+02 6.916445167953710893e+00
7.379550471430120524e+05 -4.364143399374309956e+04 1.000000000090731618e+02 6.826935429759457996e+00
7.380200353872058913e+05 -4.369035206265975285e+04 9.999999999404077755e+01 6.707286912363283449e+00
7.380841059006593423e+05 -4.373927013157641341e+04 9.999999999944515139e+01 6.541202661375140615e+00
7.381472586816643598e+05 -4.378818820049306669e+04 1.000000000001068940e+02 6.299220737675948811e+00
7.398387496856865473e+05 -4.559815675040938368e+04 1.000000000026598315e+02 7.495699425815190331e+00
7.398670288295513019e+05 -4.564707481932604423e+04 1.000000000014668871e+02 7.495149667706566099e+00
7.398943902456995565e+05 -4.569599288824269752e+04 9.999999999777442383e+01 7.494571948444423093e+00
7.399208339341290994e+05 -4.574491095715936535e+04 9.999999999474397328e+01 7.493974137718815598e+00
7.399463598948450526e+05 -4.579382902607601864e+04 1.000000000037546499e+02 7.493362599449767458e+00
7.399709681278419448e+05 -4.584274709499267919e+04 9.999999999935755568e+01 7.492742479135131362e+00
7.399946586331169819e+05 -4.589166516390933248e+04 9.999999999926967575e+01 7.492117904689067132e+00
7.400174314106812235e+05 -4.594058323282599304e+04 1.000000000005626930e+02 7.491492252804790475e+00
7.400392864605291979e+05 -4.598950130174264632e+04 9.999999999937884354e+01 7.490868210996436183e+00
7.400602237826591590e+05 -4.603841937065930688e+04 9.999999999785543991e+01 7.490247940655408776e+00
7.400802433770677308e+05 -4.608733743957596016e+04 1.000000000003308429e+02 7.489633166648506979e+00
7.400993452437614324e+05 -4.613625550849262072e+04 1.000000000039675001e+02 7.489025277269824699e+00
7.401175293827428250e+05 -4.618517357740927400e+04 9.999999999993492850e+01 7.488425365085707774e+00
7.401347957940069027e+05 -4.623409164632593456e+04 1.000000000000940616e+02 7.487834256478801187e+00
7.401511444775487762e+05 -4.628300971524258784e+04 9.999999999945727325e+01 7.487252591716932137e+00
7.401665754333786899e+05 -4.633192778415924840e+04 1.000000000007897967e+02 7.486680865269586427e+00
7.401810886614985066e+05 -4.638084585307590169e+04 1.000000000026558951e+02 7.486119424694233970e+00
7.401946841618819162e+05 -4.642976392199256225e+04 1.000000000012041284e+02 7.485568478374323043e+00
7.402073619345544139e+05 -4.647868199090921553e+04 9.999999999895848646e+01 7.485028200137558763e+00
7.402191219795073848e+05 -4.652760005982587609e+04 9.999999999980018117e+01 7.484498648455392811e+00
7.402299642967537511e+05 -4.657651812874252937e+04 1.000000000005999681e+02 7.483979847304679467e+00
7.402398888862847816e+05 -4.662543619765918993e+04 1.000000000031743355e+02 7.483471744878706033e+00
7.402488957480802201e+05 -4.667435426657584321e+04 1.000000000023529054e+02 7.482974242257487418e+00
7.402569848821720807e+05 -4.672327233549250377e+04 9.999999999974792786e+01 7.482487260144810470e+00
7.402641562885296298e+05 -4.677219040440915705e+04 1.000000000023661215e+02 7.482010618580423156e+00
7.402704099671966396e+05 -4.682110847332581761e+04 9.999999999941404383e+01 7.481544206756622017e+00
7.402757459181182785e+05 -4.687002654224247090e+04 1.000000000013592398e+02 7.481087789536760901e+00
7.402801641413476318e+05 -4.691894461115913145e+04 1.000000000004298215e+02 7.480641228904156392e+00
