4.402599380685138749e+05 -6.516520084883213215e+00 9.999999999910258452e+01 7.551589558454930184e+00
4.403419773152931593e+05 -5.914347308057170949e+01 1.000000000000162714e+02 7.551592267694343441e+00
4.404239666641594376e+05 -1.117704260762602075e+02 1.000000000004590390e+02 7.551594967238094647e+00
4.405059061171112116e+05 -1.643973790719487056e+02 1.000000000010538912e+02 7.551597693369698661e+00
4.405877956724232063e+05 -2.170243320676372036e+02 9.999999999957675811e+01 7.551600416805980487e+00
4.406696353303669603e+05 -2.696512850633256448e+02 1.000000000005029932e+02 7.551603137276445388e+00
4.407514250924070948e+05 -3.222782380590141429e+02 9.999999999958806995e+01 7.551605884929934120e+00
4.408331649573700852e+05 -3.749051910547026409e+02 9.999999999952281371e+01 7.551608637172202876e+00
4.409148549253153615e+05 -4.275321440503911390e+02 9.999999999920531479e+01 7.551611396686336519e+00
4.409964949959460646e+05 -4.801590970460796939e+02 9.999999999732514766e+01 7.551614157951113349e+00
4.410780851704943925e+05 -5.327860500417681351e+02 9.999999999877267953e+01 7.551616938047117422e+00
4.411596254477595212e+05 -5.854130030374566331e+02 1.000000000005926779e+02 7.551619721711554156e+00
4.412411158283485565e+05 -6.380399560331451312e+02 1.000000000000789271e+02 7.551622518393801720e+00
4.413225563118639402e+05 -6.906669090288336292e+02 1.000000000003120704e+02 7.551625320534997243e+00
4.414039468986950233e+05 -7.432938620245221273e+02 9.999999999999265299e+01 7.551628133991343361e+00
4.414852875884982059e+05 -7.959208150202106253e+02 1.000000000003020517e+02 7.551630956320199317e+00
4.415665783817326883e+05 -8.485477680158991234e+02 9.999999999769316616e+01 7.551633792732157957e+00
4.416478192773821647e+05 -9.011747210115876214e+02 1.000000000000508891e+02 7.551636622359658269e+00
4.417290102770120720e+05 -9.538016740072761195e+02 9.999999999955191754e+01 7.551639478561476437e+00
4.418101513792523765e+05 -1.006428627002964618e+03 9.999999999983617727e+01 7.551642335667530403e+00
4.418912425847909763e+05 -1.059055579998653229e+03 9.999999999896706981e+01 7.551645204461265415e+00
4.419722838935097097e+05 -1.111682532994341727e+03 1.000000000006632064e+02 7.551648080903214044e+00
4.420532753051825566e+05 -1.164309485990030225e+03 1.000000000000139977e+02 7.551650967854928176e+00
4.421342168200918240e+05 -1.216936438985718723e+03 9.999999999556283115e+01 7.551653867685154786e+00
4.422151084378216765e+05 -1.269563391981407221e+03 9.999999999988449417e+01 7.551656764342067341e+00
4.422959501593648456e+05 -1.322190344977095720e+03 1.000000000012392292e+02 7.551659685400281319e+00
4.423767419834459433e+05 -1.374817297972784218e+03 9.999999999925417171e+01 7.551662609471869736e+00
4.424574839104054263e+05 -1.427444250968472716e+03 9.999999999974221510e+01 7.551665536248752808e+00
4.425381759413035470e+05 -1.480071203964161214e+03 9.999999999976041920e+01 7.551668486529157676e+00
4.426188180744710262e+05 -1.532698156959849712e+03 1.000000000008484022e+02 7.551671431248220046e+00
4.426994103113667225e+05 -1.585325109955538210e+03 9.999999999990285460e+01 7.551674397634898561e+00
4.427799526511174045e+05 -1.637952062951226708e+03 1.000000000004074110e+02 7.551677367569945787e+00
4.428604450942029362e+05 -1.690579015946915206e+03 1.000000000004617959e+02 7.551680352252835071e+00
4.429408876400563749e+05 -1.743205968942603704e+03 9.999999999955832664e+01 7.551683339947699913e+00
4.430212802894135821e+05 -1.795832921938292202e+03 9.999999999985639931e+01 7.551686344320460265e+00
4.431016230420153588e+05 -1.848459874933980700e+03 1.000000000033182914e+02 7.551689359104976518e+00
4.431819158977238112e+05 -1.901086827929669198e+03 1.000000000001650591e+02 7.551692387809456619e+00
4.432621588550451561e+05 -1.953713780925357696e+03 9.999999999988760635e+01 7.551695396092539703e+00
4.433423519170572981e+05 -2.006340733921046194e+03 1.000000000002747385e+02 7.551698443148294970e+00
4.434224950826190179e+05 -2.058967686916734692e+03 9.999999999877218215e+01 7.551701511004937473e+00
4.435025883495893213e+05 -2.111594639912423190e+03 9.999999999534652773e+01 7.551704556991894357e+00
4.435826317210334819e+05 -2.164221592908111688e+03 9.999999999937621453e+01 7.551707632891082156e+00
4.436626251953323372e+05 -2.216848545903800186e+03 9.999999999839792508e+01 7.551710717474043655e+00
4.437425687731382786e+05 -2.269475498899488684e+03 1.000000000022615012e+02 7.551713818098166442e+00
4.438224624532099115e+05 -2.322102451895177182e+03 9.999999999939447548e+01 7.551716916319844763e+00
4.439023062364464859e+05 -2.374729404890865680e+03 1.000000000004603038e+02 7.551720021871318522e+00
4.439821001231735572e+05 -2.427356357886554179e+03 9.999999999787910099e+01 7.551723149045453276e+00
4.440618441128802951e+05 -2.479983310882242677e+03 9.999999999831717901e+01 7.551726280947860914e+00
4.441415382060411503e+05 -2.532610263877931175e+03 1.000000000003294360e+02 7.551729429317053821e+00
4.442211824019192718e+05 -2.585237216873619673e+03 9.999999999903461401e+01 7.551732582698496898e+00
4.443007767014729907e+05 -2.637864169869308171e+03 1.000000000013639436e+02 7.551735754879334905e+00
4.443803211030579405e+05 -2.690491122864996669e+03 9.999999999914062698e+01 7.551738920380625331e+00
4.444598156084454386e+05 -2.743118075860685167e+03 9.999999999936089523e+01 7.551742107388890624e+00
4.445392602170581813e+05 -2.795745028856373665e+03 1.000000000006775167e+02 7.551745306322293239e+00
4.446186549288331298e+05 -2.848371981852062163e+03 9.999999999938447104e+01 7.551748519869677878e+00
4.446979997438152204e+05 -2.900998934847750661e+03 1.000000000025954563e+02 7.551751741006580865e+00
4.447772946617503767e+05 -2.953625887843439159e+03 1.000000000007058105e+02 7.551754974419803368e+00
4.448565396825347561e+05 -3.006252840839127657e+03 1.000000000006472050e+02 7.551758211877317883e+00
4.449357348064487451e+05 -3.058879793834816155e+03 1.000000000003224869e+02 7.551761461101500039e+00
4.450148800340162124e+05 -3.111506746830504653e+03 1.000000000007891003e+02 7.551764731675860709e+00
4.450939753643454169e+05 -3.164133699826193151e+03 1.000000000001636806e+02 7.551768007187886766e+00
4.451730207980822888e+05 -3.216760652821881649e+03 9.999999999990474464e+01 7.551771298825056711e+00
4.452520163342049345e+05 -3.269387605817570147e+03 9.999999999995796429e+01 7.551774586674289580e+00
4.453309619738719775e+05 -3.322014558813258645e+03 9.999999999857772082e+01 7.551777896015225977e+00
4.454098577171709621e+05 -3.374641511808947143e+03 1.000000000013249633e+02 7.551781222841269070e+00
4.454887035632486222e+05 -3.427268464804635641e+03 9.999999999960792252e+01 7.551784558632461675e+00
4.455674995124334819e+05 -3.479895417800324140e+03 9.999999999994183497e+01 7.551787903925230694e+00
4.456462455646934104e+05 -3.532522370796012638e+03 1.000000000002380887e+02 7.551791259995733085e+00
4.457249417197332950e+05 -3.585149323791701136e+03 1.000000000004386038e+02 7.551794619844039325e+00
4.458035879781274125e+05 -3.637776276787389634e+03 9.999999999960301977e+01 7.551797998291553959e+00
4.458821843395177857e+05 -3.690403229783078132e+03 9.999999999831399577e+01 7.551801386197695365e+00
4.459607308048887644e+05 -3.743030182778766630e+03 9.999999999916796867e+01 7.551804801890893870e+00
4.460392273726938292e+05 -3.795657135774455128e+03 9.999999999990005506e+01 7.551808214699376798e+00
4.461176740437822882e+05 -3.848284088770143626e+03 1.000000000004322800e+02 7.551811642711085959e+00
4.461960708175131003e+05 -3.900911041765832124e+03 9.999999999918560434e+01 7.551815074892221702e+00
4.462744176941998885e+05 -3.953537994761520622e+03 9.999999999936964912e+01 7.551818513292844592e+00
4.463527146752900444e+05 -4.006164947757209120e+03 9.999999999954050622e+01 7.551821992591350785e+00
4.464309617587247049e+05 -4.058791900752897618e+03 1.000000000003140030e+02 7.551825465924159708e+00
4.465091589450433385e+05 -4.111418853748586116e+03 1.000000000008322729e+02 7.551828946283352550e+00
4.465873062349061365e+05 -4.164045806744275069e+03 1.000000000012763053e+02 7.551832449733495878e+00
4.466654036276383558e+05 -4.216672759739962203e+03 9.999999999980046539e+01 7.551835960883184207e+00
4.467434511234579259e+05 -4.269299712735651156e+03 9.999999999685481100e+01 7.551839484082753629e+00
4.468214487225293415e+05 -4.321926665731339199e+03 9.999999999735952372e+01 7.551843021227598207e+00
4.468993964250042336e+05 -4.374553618727028152e+03 1.000000000004796306e+02 7.551846573615548230e+00
4.469772942307974445e+05 -4.427180571722716195e+03 9.999999999972941112e+01 7.551850147580263517e+00
4.470551421387072187e+05 -4.479807524718405148e+03 1.000000000021551188e+02 7.551853708372805229e+00
4.471329401506485883e+05 -4.532434477714093191e+03 1.000000000008560619e+02 7.551857305589308567e+00
4.472106882644430152e+05 -4.585061430709782144e+03 9.999999999730869149e+01 7.551860888296461738e+00
4.472883864832533873e+05 -4.637688383705470187e+03 1.000000000002123386e+02 7.551864522615439057e+00
4.473660348041023244e+05 -4.690315336701159140e+03 1.000000000000452332e+02 7.551868148146451354e+00
4.474436332280387287e+05 -4.742942289696847183e+03 9.999999999962648189e+01 7.551871783809088967e+00
4.475211817555812304e+05 -4.795569242692536136e+03 9.999999999819090135e+01 7.551875446763753885e+00
4.475986803856557235e+05 -4.848196195688224179e+03 1.000000000009348753e+02 7.551879105311711804e+00
4.476761291192146018e+05 -4.900823148683913132e+03 9.999999999844041554e+01 7.551882789297567733e+00
4.477535279558221227e+05 -4.953450101679601175e+03 9.999999999933396566e+01 7.551886482045744309e+00
4.478308768954366678e+05 -5.006077054675290128e+03 1.000000000007982806e+02 7.551890185493811636e+00
4.479081759382985765e+05 -5.058704007670978172e+03 9.999999999918750859e+01 7.551893908283129342e+00
4.479854250839289743e+05 -5.111330960666667124e+03 9.999999999987124966e+01 7.551897632710863562e+00
4.480626243331383448e+05 -5.163957913662355168e+03 1.000000000008303687e+02 7.551901383390514866e+00
4.481397736851026420e+05 -5.216584866658044120e+03 9.999999999945430318e+01 7.551905139727256078e+00
4.482168731407301384e+05 -5.269211819653732164e+03 9.999999999980973087e+01 7.551908921284993248e+00
4.482939226989345043e+05 -5.321838772649421117e+03 9.999999999990626520e+01 7.551912703629161783e+00
4.483709223610120243e+05 -5.374465725645109160e+03 1.000000000004173160e+02 7.551916518443994697e+00
4.484478721253467957e+05 -5.427092678640798113e+03 9.999999999876686729e+01 7.551920327828469226e+00
4.485247719929462182e+05 -5.479719631636486156e+03 1.000000000009627286e+02 7.551924151062436863e+00
4.486016219637284521e+05 -5.532346584632175109e+03 1.000000000000039222e+02 7.551927992730416150e+00
4.486784220379599719e+05 -5.584973537627863152e+03 1.000000000018534649e+02 7.551931854087084339e+00
4.487551722148226690e+05 -5.637600490623552105e+03 1.000000000008402310e+02 7.551935720395035467e+00
4.488318724955355865e+05 -5.690227443619240148e+03 9.999999999988163779e+01 7.551939619190896735e+00
4.489085228788254899e+05 -5.742854396614929101e+03 9.999999999921126914e+01 7.551943517292568409e+00
4.489851233655706747e+05 -5.795481349610617144e+03 9.999999999968154896e+01 7.551947438808653601e+00
4.490616739552340005e+05 -5.848108302606306097e+03 9.999999999973893239e+01 7.551951369400367042e+00
4.491381746480751317e+05 -5.900735255601994140e+03 9.999999999964566655e+01 7.551955316064371537e+00
4.492146254437356838e+05 -5.953362208597683093e+03 9.999999999806576056e+01 7.551959271710797061e+00
4.492910263425358571e+05 -6.005989161593371136e+03 1.000000000014870380e+02 7.551963236988160411e+00
4.493673773447260028e+05 -6.058616114589060089e+03 9.999999999943149476e+01 7.551967230463096037e+00
4.494436784505158430e+05 -6.111243067584748133e+03 9.999999999963300468e+01 7.551971248484049326e+00
4.495199296587147983e+05 -6.163870020580437085e+03 9.999999999951910468e+01 7.551975262754215379e+00
4.495961309700128622e+05 -6.216496973576125129e+03 9.999999999976824938e+01 7.551979292196837612e+00
4.496722823850646964e+05 -6.269123926571814081e+03 9.999999999998145483e+01 7.551983353397873522e+00
4.497483839026736096e+05 -6.321750879567502125e+03 1.000000000008049739e+02 7.551987413263348436e+00
4.498244355233756942e+05 -6.374377832563191077e+03 9.999999999972845899e+01 7.551991490468151547e+00
4.499004372472024406e+05 -6.427004785558879121e+03 1.000000000005042011e+02 7.551995581449829409e+00
4.499763890747563564e+05 -6.479631738554568074e+03 9.999999999908425252e+01 7.551999704880205222e+00
4.500522910048267804e+05 -6.532258691550256117e+03 1.000000000006035776e+02 7.552003825792610314e+00
4.501281430384511477e+05 -6.584885644545945070e+03 9.999999999969182340e+01 7.552007976818442714e+00
4.502039451745681581e+05 -6.637512597541633113e+03 1.000000000008138983e+02 7.552012125095312278e+00
4.502796974143480184e+05 -6.690139550537322066e+03 9.999999999978915355e+01 7.552016305026307386e+00
4.503553997569105704e+05 -6.742766503533010109e+03 9.999999999839367604e+01 7.552020492151991782e+00
4.504310522030939464e+05 -6.795393456528699062e+03 9.999999999925218219e+01 7.552024706074724314e+00
4.505066547520550084e+05 -6.848020409524387105e+03 1.000000000004797158e+02 7.552028928314804546e+00
4.505822074038954452e+05 -6.900647362520076058e+03 1.000000000019668107e+02 7.552033157767004568e+00
4.506577101591941901e+05 -6.953274315515764101e+03 9.999999999808586892e+01 7.552037419493217385e+00
4.507331630176050821e+05 -7.005901268511453054e+03 1.000000000003096829e+02 7.552041690486332115e+00
4.508085659789939527e+05 -7.058528221507141097e+03 1.000000000013129267e+02 7.552045976190672860e+00
4.508839190438821679e+05 -7.111155174502830050e+03 1.000000000001622595e+02 7.552050290358653051e+00
4.509592222117484198e+05 -7.163782127498518093e+03 1.000000000011414159e+02 7.552054614731871673e+00
4.510344754821874085e+05 -7.216409080494207046e+03 1.000000000002133476e+02 7.552058942624196192e+00
4.511096788566392497e+05 -7.269036033489895090e+03 1.000000000010918200e+02 7.552063311035483117e+00
4.511848323335454916e+05 -7.321662986485584042e+03 9.999999999994096811e+01 7.552067678762843350e+00
4.512599359135694685e+05 -7.374289939481272086e+03 9.999999999968986231e+01 7.552072063027432947e+00
4.513349895969619392e+05 -7.426916892476961038e+03 9.999999999999882050e+01 7.552076470541952524e+00
4.514099933837992139e+05 -7.479543845472649991e+03 1.000000000030070169e+02 7.552080903504506892e+00
4.514849472727918765e+05 -7.532170798468338035e+03 9.999999999688913022e+01 7.552085333091532959e+00
4.515598512658919790e+05 -7.584797751464026987e+03 1.000000000005063612e+02 7.552089799683634475e+00
4.516347053613213357e+05 -7.637424704459715031e+03 1.000000000002730474e+02 7.552094263844502109e+00
4.517095095605832175e+05 -7.690051657455403983e+03 1.000000000011637695e+02 7.552098767135196233e+00
4.517842638628577697e+05 -7.742678610451092027e+03 1.000000000002908536e+02 7.552103285049629022e+00
4.518589682681830600e+05 -7.795305563446780980e+03 1.000000000000820819e+02 7.552107817866468231e+00
4.519336227761805640e+05 -7.847932516442469023e+03 1.000000000006073009e+02 7.552112355313075120e+00
4.520082273876732215e+05 -7.900559469438157976e+03 1.000000000006941292e+02 7.552116922427716261e+00
4.520827821025490994e+05 -7.953186422433846019e+03 1.000000000000367351e+02 7.552121515859307799e+00
4.521572869199751294e+05 -8.005813375429534972e+03 9.999999999912964199e+01 7.552126110223321476e+00
4.522317418408619124e+05 -8.058440328425223015e+03 1.000000000004967546e+02 7.552130731465768854e+00
4.523061468648419832e+05 -8.111067281420911968e+03 1.000000000010061143e+02 7.552135370321981789e+00
4.523805019916389720e+05 -8.163694234416600011e+03 9.999999999841766396e+01 7.552140021794818914e+00
4.524548072217979352e+05 -8.216321187412288054e+03 9.999999999989921662e+01 7.552144695701493049e+00
4.525290625552175334e+05 -8.268948140407977917e+03 9.999999999997582734e+01 7.552149393829199475e+00
4.526032679917273927e+05 -8.321575093403665960e+03 1.000000000009767689e+02 7.552154109497532630e+00
4.526774235314520192e+05 -8.374202046399354003e+03 9.999999999982996712e+01 7.552158848448687678e+00
4.527515291739589302e+05 -8.426828999395042047e+03 9.999999999999735678e+01 7.552163594009519976e+00
4.528255849197828793e+05 -8.479455952390731909e+03 1.000000000000515996e+02 7.552168365568201480e+00
4.528995907683415571e+05 -8.532082905386418133e+03 9.999999999982482279e+01 7.552173144060241761e+00
4.529735467206811882e+05 -8.584709858382107996e+03 1.000000000002289084e+02 7.552177962405357547e+00
4.530474527757882606e+05 -8.637336811377796039e+03 1.000000000001012523e+02 7.552182790207134566e+00
4.531213089341137675e+05 -8.689963764373485901e+03 9.999999999927608485e+01 7.552187639781120509e+00
4.531951151955357636e+05 -8.742590717369172125e+03 1.000000000024288056e+02 7.552192506252645821e+00
4.532688715602815500e+05 -8.795217670364861988e+03 1.000000000020287274e+02 7.552197401223937234e+00
4.533425780278908787e+05 -8.847844623360550031e+03 1.000000000013776145e+02 7.552202308820581855e+00
4.534162345986429718e+05 -8.900471576356239893e+03 9.999999999873124068e+01 7.552207237753813196e+00
4.534898412722271169e+05 -8.953098529351926118e+03 9.999999999615944546e+01 7.552212178179589230e+00
4.535633980492109549e+05 -9.005725482347615980e+03 1.000000000074761175e+02 7.552217134489564110e+00
4.536369049301674240e+05 -9.058352435343304023e+03 1.000000000033280259e+02 7.552222155289302741e+00
4.537103619131311425e+05 -9.110979388338993886e+03 1.000000000007583338e+02 7.552227156761674998e+00
4.537837689995251712e+05 -9.163606341334680110e+03 9.999999999890746949e+01 7.552232188786033085e+00
4.538571261891213362e+05 -9.216233294330369972e+03 9.999999999983525356e+01 7.552237242117476157e+00
4.539304334815100883e+05 -9.268860247326058015e+03 9.999999999981228882e+01 7.552242304516141758e+00
4.540036908774916083e+05 -9.321487200321747878e+03 1.000000000000122498e+02 7.552247405248093237e+00
4.540768983763605356e+05 -9.374114153317434102e+03 9.999999999967553777e+01 7.552252519062083280e+00
4.541500559782040655e+05 -9.426741106313123964e+03 9.999999999922130201e+01 7.552257649608289825e+00
4.542231636834470555e+05 -9.479368059308812008e+03 1.000000000000501643e+02 7.552262808749816259e+00
4.542962214916385710e+05 -9.531995012304501870e+03 9.999999999921942617e+01 7.552267985280630924e+00
4.543692294032172067e+05 -9.584621965300188094e+03 9.999999999993251265e+01 7.552273192203825758e+00
4.544421874175568810e+05 -9.637248918295877957e+03 1.000000000005996696e+02 7.552278406877967143e+00
4.545150955350708682e+05 -9.689875871291566000e+03 9.999999999890768265e+01 7.552283647469351990e+00
4.545879537559667951e+05 -9.742502824287255862e+03 9.999999999956229146e+01 7.552288917852230554e+00
4.546607620798961143e+05 -9.795129777282942086e+03 1.000000000001983267e+02 7.552294207111472701e+00
4.547335205069684889e+05 -9.847756730278631949e+03 9.999999999998586020e+01 7.552299519549474205e+00
4.548062290371744311e+05 -9.900383683274319992e+03 9.999999999800277806e+01 7.552304856796654420e+00
4.548788876700220862e+05 -9.953010636270009854e+03 9.999999999915991111e+01 7.552310196948769594e+00
4.549514964068653062e+05 -1.000563758926569608e+04 1.000000000015078570e+02 7.552315589704783783e+00
4.550240552460087347e+05 -1.005826454226138594e+04 1.000000000015279653e+02 7.552320976843708067e+00
4.550965641889123945e+05 -1.011089149525707398e+04 9.999999999723030442e+01 7.552326415264838388e+00
4.551690232342483359e+05 -1.016351844825276385e+04 9.999999999726772160e+01 7.552331846202724464e+00
4.552414323833394446e+05 -1.021614540124845007e+04 1.000000000009330989e+02 7.552337321218543842e+00
4.553137916354002082e+05 -1.026877235424413993e+04 9.999999999989388755e+01 7.552342817969380562e+00
4.553861009902409860e+05 -1.032139930723982798e+04 9.999999999663714334e+01 7.552348326684768409e+00
4.554583604487162083e+05 -1.037402626023551784e+04 9.999999999909493908e+01 7.552353873273759177e+00
4.555305700101532275e+05 -1.042665321323120406e+04 9.999999999927332794e+01 7.552359441319238975e+00
4.556027296747615328e+05 -1.047928016622689393e+04 9.999999999975290166e+01 7.552365032519976040e+00
4.556748394422908896e+05 -1.053190711922258197e+04 9.999999999997683631e+01 7.552370640724586082e+00
4.557468993127896683e+05 -1.058453407221827183e+04 1.000000000005634746e+02 7.552376267463247750e+00
4.558189092867262661e+05 -1.063716102521395806e+04 9.999999999972199305e+01 7.552381931165745854e+00
4.558908693636523094e+05 -1.068978797820964792e+04 1.000000000008813430e+02 7.552387612601226152e+00
4.559627795438959147e+05 -1.074241493120533596e+04 1.000000000005198189e+02 7.552393328169880071e+00
4.560346398269927595e+05 -1.079504188420102582e+04 1.000000000008835741e+02 7.552399056786257781e+00
4.561064502133090282e+05 -1.084766883719671205e+04 1.000000000002723510e+02 7.552404815027137452e+00
4.561782107028657920e+05 -1.090029579019240191e+04 9.999999999901845626e+01 7.552410603664313271e+00
4.562499212952772505e+05 -1.095292274318808995e+04 9.999999999943314322e+01 7.552416404557665608e+00
4.563215819912290317e+05 -1.100554969618377982e+04 9.999999999944716933e+01 7.552422248372329783e+00
4.563931927900505834e+05 -1.105817664917946604e+04 1.000000000016752750e+02 7.552428105108122125e+00
4.564647536917202524e+05 -1.111080360217515590e+04 9.999999999981906740e+01 7.552433980312931894e+00
4.565362646968977642e+05 -1.116343055517084395e+04 1.000000000003443859e+02 7.552439894013516231e+00
4.566077258052577963e+05 -1.121605750816653381e+04 1.000000000011804246e+02 7.552445836334244156e+00
4.566791370162210660e+05 -1.126868446116222003e+04 1.000000000014267414e+02 7.552451783648013617e+00
4.567504983306788490e+05 -1.132131141415790989e+04 9.999999999722912492e+01 7.552457776147488033e+00
4.568218097484285827e+05 -1.137393836715359794e+04 1.000000000015300969e+02 7.552463794494779670e+00
4.568930712693639216e+05 -1.142656532014928780e+04 1.000000000007762821e+02 7.552469847705109096e+00
4.569642828929818352e+05 -1.147919227314497584e+04 1.000000000013271517e+02 7.552475906449716447e+00
4.570354446200124803e+05 -1.153181922614066389e+04 9.999999999782342286e+01 7.552482008522310331e+00
4.571065564499642933e+05 -1.158444617913635193e+04 1.000000000004001492e+02 7.552488123147248267e+00
4.571776183830176597e+05 -1.163707313213204179e+04 9.999999999980116172e+01 7.552494266225394881e+00
4.572486304193098331e+05 -1.168970008512772984e+04 1.000000000011436470e+02 7.552500440632734069e+00
4.573195925588163664e+05 -1.174232703812341788e+04 1.000000000000371614e+02 7.552506649034757658e+00
4.573905048015217180e+05 -1.179495399111910592e+04 1.000000000014482850e+02 7.552512885699125711e+00
4.574613671472071437e+05 -1.184758094411479578e+04 1.000000000019760904e+02 7.552519144870126766e+00
4.575321795959516312e+05 -1.190020789711048383e+04 1.000000000003955165e+02 7.552525430295031761e+00
4.576029421478119912e+05 -1.195283485010617187e+04 1.000000000000678995e+02 7.552531742801784631e+00
4.576736548028890975e+05 -1.200546180310185991e+04 9.999999999939662132e+01 7.552538087401376998e+00
4.577443175610125181e+05 -1.205808875609754978e+04 1.000000000015672157e+02 7.552544454878354685e+00
4.578149304223582149e+05 -1.211071570909323782e+04 9.999999999957337593e+01 7.552550859502779268e+00
4.578854933868167573e+05 -1.216334266208892586e+04 9.999999999900087744e+01 7.552557290310145000e+00
4.579560064542441978e+05 -1.221596961508461391e+04 9.999999999998863132e+01 7.552563741483916182e+00
4.580264696249258122e+05 -1.226859656808030377e+04 9.999999999899476677e+01 7.552570230808603569e+00
4.580968828985926230e+05 -1.232122352107599181e+04 9.999999999887789670e+01 7.552576740802990685e+00
4.581672462755990564e+05 -1.237385047407167986e+04 9.999999999964224173e+01 7.552583289210542006e+00
4.582375597556608845e+05 -1.242647742706736790e+04 1.000000000000850235e+02 7.552589866193826218e+00
4.583078233392125112e+05 -1.247910438006305776e+04 1.000000000065073920e+02 7.552596483900076763e+00
4.583780370251745335e+05 -1.253173133305874580e+04 1.000000000007125749e+02 7.552603107563623297e+00
4.584482008144318243e+05 -1.258435828605443385e+04 9.999999999868944656e+01 7.552609766858448204e+00
4.585183147069980041e+05 -1.263698523905012189e+04 9.999999999991700861e+01 7.552616462518680684e+00
4.585883787025486818e+05 -1.268961219204581175e+04 9.999999999823633345e+01 7.552623184343369545e+00
4.586583928015002166e+05 -1.274223914504149980e+04 1.000000000003148983e+02 7.552629947462935256e+00
4.587283570035248413e+05 -1.279486609803718784e+04 9.999999999913478632e+01 7.552636742103615575e+00
4.587982713081133552e+05 -1.284749305103287588e+04 9.999999999710394150e+01 7.552643538964951553e+00
4.588681357165699010e+05 -1.290012000402856575e+04 9.999999999980171594e+01 7.552650401538594238e+00
4.589379502276629210e+05 -1.295274695702425379e+04 1.000000000001057003e+02 7.552657271921169979e+00
4.590077148420285666e+05 -1.300537391001994183e+04 9.999999999930950878e+01 7.552664182907756540e+00
4.590774295595957083e+05 -1.305800086301562988e+04 9.999999999999955946e+01 7.552671127674551066e+00
4.591470943801828544e+05 -1.311062781601131974e+04 1.000000000009843433e+02 7.552678099430093717e+00
4.592167093039919273e+05 -1.316325476900700778e+04 9.999999999802969342e+01 7.552685111304869636e+00
4.592862743308841600e+05 -1.321588172200269582e+04 9.999999999969611508e+01 7.552692149016172252e+00
4.593557894608082715e+05 -1.326850867499838387e+04 1.000000000010520722e+02 7.552699215298659396e+00
4.594252546939810854e+05 -1.332113562799407373e+04 9.999999999835756626e+01 7.552706323840072677e+00
4.594946700301000383e+05 -1.337376258098976177e+04 9.999999999592110100e+01 7.552713455291095279e+00
4.595640354695964488e+05 -1.342638953398544982e+04 9.999999999928465400e+01 7.552720627921154950e+00
4.596333510122000589e+05 -1.347901648698113786e+04 1.000000000003352483e+02 7.552727835406685131e+00
4.597026166577191325e+05 -1.353164343997682590e+04 1.000000000017831923e+02 7.552735064001238285e+00
4.597718324063878390e+05 -1.358427039297251576e+04 1.000000000001951435e+02 7.552742330154961437e+00
4.598409982583146193e+05 -1.363689734596820199e+04 1.000000000004707914e+02 7.552749636487021689e+00
4.599101142132648965e+05 -1.368952429896389185e+04 1.000000000002517595e+02 7.552756970992225760e+00
4.599791802713972284e+05 -1.374215125195957989e+04 1.000000000000211458e+02 7.552764342571193446e+00
4.600481964326358866e+05 -1.379477820495526976e+04 9.999999999945127627e+01 7.552771748049344147e+00
4.601171626968121273e+05 -1.384740515795095598e+04 9.999999999980175858e+01 7.552779175979235760e+00
4.601860790643651271e+05 -1.390003211094664584e+04 9.999999999951945995e+01 7.552786653444200304e+00
4.602549455349179334e+05 -1.395265906394233389e+04 1.000000000007958079e+02 7.552794157363848626e+00
4.603237621088995948e+05 -1.400528601693802375e+04 1.000000000035539927e+02 7.552801713254133631e+00
4.603925287855711649e+05 -1.405791296993370997e+04 1.000000000014243113e+02 7.552809282600412288e+00
4.604612455654886435e+05 -1.411053992292939984e+04 9.999999999918321691e+01 7.552816894559128968e+00
4.605299124486472574e+05 -1.416316687592508788e+04 1.000000000010285675e+02 7.552824545363685083e+00
4.605985294349318137e+05 -1.421579382892077774e+04 1.000000000002340101e+02 7.552832234363968666e+00
4.606670965240640799e+05 -1.426842078191646397e+04 9.999999999983710097e+01 7.552839942259043760e+00
4.607356137167827110e+05 -1.432104773491215383e+04 1.000000000042175827e+02 7.552847709842352764e+00
4.608040810122224502e+05 -1.437367468790784187e+04 1.000000000004046683e+02 7.552855496928872370e+00
4.608724984109802172e+05 -1.442630164090353173e+04 9.999999999980077803e+01 7.552863328929710462e+00
4.609408659128446016e+05 -1.447892859389921796e+04 9.999999999867128508e+01 7.552871196868226278e+00
4.610091835176586756e+05 -1.453155554689490782e+04 9.999999999907694814e+01 7.552879089590372352e+00
4.610774512257000315e+05 -1.458418249989059586e+04 9.999999999829834962e+01 7.552887026342235188e+00
4.611456690368647687e+05 -1.463680945288628573e+04 1.000000000015814123e+02 7.552894996978682052e+00
4.612138369513190701e+05 -1.468943640588197195e+04 9.999999999868524014e+01 7.552903021696458552e+00
4.612819549687589169e+05 -1.474206335887766181e+04 9.999999999961173103e+01 7.552911070511669323e+00
4.613500230891576502e+05 -1.479469031187334986e+04 9.999999999875535650e+01 7.552919147278269740e+00
4.614180413129178924e+05 -1.484731726486903972e+04 1.000000000012560832e+02 7.552927275607737023e+00
4.614860096398899914e+05 -1.489994421786472594e+04 1.000000000007581349e+02 7.552935450758415215e+00
4.615539280697409995e+05 -1.495257117086041580e+04 9.999999999938829376e+01 7.552943647604672073e+00
4.616217966026694630e+05 -1.500519812385610385e+04 1.000000000002053042e+02 7.552951878491520610e+00
4.616896152388683986e+05 -1.505782507685179371e+04 9.999999999874607681e+01 7.552960159259588302e+00
4.617573839782762807e+05 -1.511045202984747993e+04 9.999999999964569497e+01 7.552968482646016390e+00
4.618251028206980554e+05 -1.516307898284316980e+04 1.000000000015977406e+02 7.552976837143379640e+00
4.618927717660585186e+05 -1.521570593583885784e+04 9.999999999893383062e+01 7.552985220460774585e+00
4.619603908148480114e+05 -1.526833288883454770e+04 9.999999999895739222e+01 7.552993662617980775e+00
4.620279599666883587e+05 -1.532095984183023575e+04 1.000000000018682300e+02 7.553002137293687746e+00
4.620954792215189082e+05 -1.537358679482592379e+04 9.999999999894259872e+01 7.553010646874509959e+00
4.621629485795765650e+05 -1.542621374782161183e+04 1.000000000006183853e+02 7.553019199420431207e+00
4.622303680408440996e+05 -1.547884070081730169e+04 1.000000000010189751e+02 7.553027798586434471e+00
4.622977376050842577e+05 -1.553146765381298974e+04 1.000000000019052209e+02 7.553036427259712582e+00
4.623650572724416270e+05 -1.558409460680867778e+04 1.000000000009350316e+02 7.553045096252870572e+00
4.624323270428616670e+05 -1.563672155980436582e+04 1.000000000005297096e+02 7.553053801172135984e+00
4.624995469166994444e+05 -1.568934851280005569e+04 1.000000000010939516e+02 7.553062567916107639e+00
4.625667168933684006e+05 -1.574197546579574373e+04 1.000000000021535840e+02 7.553071352820408535e+00
4.626338369733110303e+05 -1.579460241879143177e+04 1.000000000001667217e+02 7.553080192188602382e+00
4.627009071562828613e+05 -1.584722937178711982e+04 9.999999999885234558e+01 7.553089065321718643e+00
4.627679274424260366e+05 -1.589985632478280968e+04 1.000000000005758807e+02 7.553097979774477722e+00
4.628348978319130256e+05 -1.595248327777849772e+04 1.000000000050164601e+02 7.553106950914109774e+00
4.629018183241179795e+05 -1.600511023077418577e+04 9.999999999986330579e+01 7.553115939973560344e+00
4.629686889196566772e+05 -1.605773718376987381e+04 9.999999999981629628e+01 7.553124982492371409e+00
4.630355096182224224e+05 -1.611036413676556367e+04 1.000000000023444642e+02 7.553134056402312169e+00
4.631022804199319798e+05 -1.616299108976125171e+04 9.999999999942704676e+01 7.553143178723380480e+00
4.631690013248845353e+05 -1.621561804275693976e+04 9.999999999943798912e+01 7.553152349146696309e+00
4.632356723329459201e+05 -1.626824499575262780e+04 1.000000000004708909e+02 7.553161560601023616e+00
4.633022934441239340e+05 -1.632087194874831766e+04 1.000000000003563940e+02 7.553170814067733829e+00
4.633688646584660746e+05 -1.637349890174400571e+04 1.000000000030753853e+02 7.553180111335123570e+00
4.634353859756384627e+05 -1.642612585473969375e+04 9.999999999998777866e+01 7.553189430907751856e+00
4.635018573961913935e+05 -1.647875280773538179e+04 1.000000000003612683e+02 7.553198811087814768e+00
4.635682789197670645e+05 -1.653137976073106984e+04 9.999999999907009851e+01 7.553208227253096041e+00
4.636346505465715891e+05 -1.658400671372675788e+04 1.000000000009791563e+02 7.553217691616588070e+00
4.637009722763431491e+05 -1.663663366672244956e+04 1.000000000000212026e+02 7.553227188184744811e+00
4.637672441092923400e+05 -1.668926061971813760e+04 9.999999999918085791e+01 7.553236731487695366e+00
4.638334660453510587e+05 -1.674188757271382565e+04 1.000000000011821299e+02 7.553246313724423011e+00
4.638996380847415421e+05 -1.679451452570951733e+04 9.999999999903202763e+01 7.553255961370229699e+00
4.639657602271131473e+05 -1.684714147870520173e+04 1.000000000009842864e+02 7.553265634998940214e+00
4.640318324725654093e+05 -1.689976843170089342e+04 1.000000000021035191e+02 7.553275349019023643e+00
4.640978548211582238e+05 -1.695239538469658146e+04 9.999999999742520629e+01 7.553285112837677673e+00
4.641638272728797747e+05 -1.700502233769226950e+04 9.999999999919162974e+01 7.553294913599550853e+00
4.642297498277286650e+05 -1.705764929068795755e+04 9.999999999932293804e+01 7.553304759418868919e+00
4.642956224856528570e+05 -1.711027624368364559e+04 1.000000000031050149e+02 7.553314640758746812e+00
4.643614452467689407e+05 -1.716290319667933363e+04 9.999999999901831416e+01 7.553324578214004603e+00
4.644272181110440288e+05 -1.721553014967502531e+04 9.999999999674119522e+01 7.553334560601618008e+00
4.644929410783849307e+05 -1.726815710267070972e+04 9.999999999933785944e+01 7.553344576247047470e+00
4.645586141488375724e+05 -1.732078405566640140e+04 9.999999999972986586e+01 7.553354634513753219e+00
4.646242373224224430e+05 -1.737341100866208944e+04 9.999999999886740909e+01 7.553364738441432635e+00
4.646898105990605545e+05 -1.742603796165777749e+04 9.999999999406648499e+01 7.553374881997703127e+00
4.647553339789712918e+05 -1.747866491465346553e+04 1.000000000020941542e+02 7.553385071423865504e+00
4.648208074619201943e+05 -1.753129186764915357e+04 1.000000000001459739e+02 7.553395303385291193e+00
4.648862310479251319e+05 -1.758391882064484162e+04 9.999999999657291028e+01 7.553405573141556140e+00
4.649516047371911700e+05 -1.763654577364053330e+04 1.000000000000044054e+02 7.553415892820339650e+00
4.650169285295414738e+05 -1.768917272663621770e+04 1.000000000009971473e+02 7.553426252451945544e+00
4.650822024250098038e+05 -1.774179967963190938e+04 9.999999999915412729e+01 7.553436657542776267e+00
4.651474264235412702e+05 -1.779442663262759743e+04 9.999999999989756816e+01 7.553447094394444505e+00
4.652126005252631730e+05 -1.784705358562328547e+04 1.000000000000958380e+02 7.553457582519638613e+00
4.652777247300725430e+05 -1.789968053861897351e+04 1.000000000015950263e+02 7.553468105873987426e+00
4.653427990379539551e+05 -1.795230749161466156e+04 1.000000000008107719e+02 7.553478667573597427e+00
4.654078234490308678e+05 -1.800493444461034960e+04 9.999999999869604039e+01 7.553489279190933381e+00
4.654727979632088682e+05 -1.805756139760604128e+04 1.000000000000866578e+02 7.553499926211800997e+00
4.655377225805607741e+05 -1.811018835060172569e+04 1.000000000006994156e+02 7.553510620243627294e+00
4.656025973009364679e+05 -1.816281530359741737e+04 1.000000000020550175e+02 7.553521342758433121e+00
4.656674221245644148e+05 -1.821544225659310541e+04 9.999999999987572608e+01 7.553532123008736221e+00
4.657321970511998516e+05 -1.826806920958879346e+04 9.999999999948626339e+01 7.553542928244735499e+00
4.657969220810194965e+05 -1.832069616258448150e+04 1.000000000002869740e+02 7.553553778737453150e+00
4.658615972139739315e+05 -1.837332311558016954e+04 9.999999999964180120e+01 7.553564670889826083e+00
4.659262224499813165e+05 -1.842595006857585759e+04 9.999999999896039071e+01 7.553575593015925627e+00
4.659907977891317569e+05 -1.847857702157154927e+04 9.999999999870034628e+01 7.553586554975204592e+00
4.660553232314673951e+05 -1.853120397456723367e+04 9.999999999993002575e+01 7.553597561227682888e+00
4.661197987768365419e+05 -1.858383092756292535e+04 9.999999999938675899e+01 7.553608595325531638e+00
4.661842244253574754e+05 -1.863645788055861340e+04 9.999999999941765338e+01 7.553619668886754290e+00
4.662486001770565636e+05 -1.868908483355430144e+04 9.999999999864705558e+01 7.553630785237613665e+00
4.663129260318478337e+05 -1.874171178654998948e+04 1.000000000006049419e+02 7.553641931412211186e+00
4.663772019897268037e+05 -1.879433873954567753e+04 1.000000000003769713e+02 7.553653109107652419e+00
4.664414280508256634e+05 -1.884696569254136921e+04 9.999999999985017496e+01 7.553664334288643367e+00
4.665056042149107088e+05 -1.889959264553705725e+04 1.000000000006712639e+02 7.553675573206332317e+00
4.665697304823492886e+05 -1.895221959853274166e+04 1.000000000070951529e+02 7.553686870246151486e+00
4.666338068526266725e+05 -1.900484655152843334e+04 1.000000000007911467e+02 7.553698172767309593e+00
4.666978333261400694e+05 -1.905747350452412138e+04 9.999999999961784169e+01 7.553709516945788849e+00
4.667618099027568824e+05 -1.911010045751980942e+04 9.999999999971599607e+01 7.553720886656382305e+00
4.668257365825743764e+05 -1.916272741051549747e+04 1.000000000017671198e+02 7.553732294967828942e+00
4.668896133654621663e+05 -1.921535436351118551e+04 9.999999999896644454e+01 7.553743728622828613e+00
4.669534402514516842e+05 -1.926798131650687719e+04 9.999999999832968456e+01 7.553755183835113129e+00
4.670172172406566096e+05 -1.932060826950256524e+04 9.999999999784587601e+01 7.553766678395177792e+00
4.670809443328799098e+05 -1.937323522249824964e+04 9.999999999931928585e+01 7.553778181183293583e+00
4.671446215281724581e+05 -1.942586217549394132e+04 9.999999999696969155e+01 7.553789703060415306e+00
4.672082488267875160e+05 -1.947848912848962937e+04 1.000000000007905783e+02 7.553801270206833784e+00
4.672718262283757213e+05 -1.953111608148531741e+04 9.999999999790530580e+01 7.553812843335746763e+00
4.673353537331178668e+05 -1.958374303448100545e+04 1.000000000008376162e+02 7.553824435457687336e+00
4.673988313409932307e+05 -1.963636998747669350e+04 1.000000000003312408e+02 7.553836050029376636e+00
4.674622590520328376e+05 -1.968899694047238518e+04 9.999999999969305975e+01 7.553847687308887338e+00
4.675256368661176530e+05 -1.974162389346807322e+04 1.000000000013094592e+02 7.553859326152626785e+00
4.675889647834096686e+05 -1.979425084646375763e+04 1.000000000014175612e+02 7.553870992271641605e+00
4.676522428037297796e+05 -1.984687779945944931e+04 9.999999999984738963e+01 7.553882657532139611e+00
4.677154709272237960e+05 -1.989950475245513735e+04 9.999999999903897674e+01 7.553894338830446031e+00
4.677786491538418923e+05 -1.995213170545082539e+04 1.000000000012217498e+02 7.553906025488502429e+00
4.678417774835339515e+05 -2.000475865844651344e+04 9.999999999853682198e+01 7.553917714650352444e+00
4.679048559164314647e+05 -2.005738561144220148e+04 9.999999999946487605e+01 7.553929416999307200e+00
4.679678844523821608e+05 -2.011001256443789316e+04 9.999999999899031877e+01 7.553941110898834133e+00
4.680308630915629910e+05 -2.016263951743358120e+04 1.000000000018083313e+02 7.553952818250336598e+00
4.680937918337634183e+05 -2.021526647042926561e+04 9.999999999893491065e+01 7.553964510597857895e+00
4.681566706791107426e+05 -2.026789342342495729e+04 1.000000000004424265e+02 7.553976196404070365e+00
4.682194996275815647e+05 -2.032052037642064533e+04 1.000000000008085408e+02 7.553987874492346322e+00
4.682822786791700055e+05 -2.037314732941632974e+04 9.999999999915351623e+01 7.553999542090949149e+00
4.683450078339042957e+05 -2.042577428241202142e+04 1.000000000006148468e+02 7.554011195727290406e+00
4.684076870917207561e+05 -2.047840123540770946e+04 1.000000000008825793e+02 7.554022825964275434e+00
4.684703164526783512e+05 -2.053102818840340115e+04 1.000000000021367441e+02 7.554034437190862761e+00
4.685328959167965804e+05 -2.058365514139908555e+04 1.000000000002393961e+02 7.554046033687975559e+00
4.685954254839677596e+05 -2.063628209439477359e+04 9.999999999750200175e+01 7.554057590077381867e+00
4.686579051543960231e+05 -2.068890904739046528e+04 1.000000000029337457e+02 7.554069133458419572e+00
4.687203349277872476e+05 -2.074153600038615332e+04 1.000000000000284075e+02 7.554080617432477496e+00
4.687827148043530178e+05 -2.079416295338183772e+04 9.999999999889747926e+01 7.554092070126332104e+00
4.688450447841323330e+05 -2.084678990637752941e+04 9.999999999990268407e+01 7.554103495130345181e+00
4.689073248669058084e+05 -2.089941685937321745e+04 9.999999999884276747e+01 7.554114848202523547e+00
4.689695550528268213e+05 -2.095204381236890913e+04 9.999999999959901231e+01 7.554126151011967494e+00
4.690317353419222054e+05 -2.100467076536459354e+04 1.000000000005522054e+02 7.554137405969467700e+00
4.690938657341002836e+05 -2.105729771836028158e+04 9.999999999874151513e+01 7.554148592628219028e+00
4.691559462294706609e+05 -2.110992467135597326e+04 9.999999999947660001e+01 7.554159722331472260e+00
4.692179768279099371e+05 -2.116255162435166130e+04 9.999999999681112683e+01 7.554170770392135914e+00
4.692799575294512906e+05 -2.121517857734734571e+04 9.999999999987015542e+01 7.554181728073927182e+00
4.693418883341574110e+05 -2.126780553034303739e+04 1.000000000004354348e+02 7.554192611891645370e+00
4.694037692419566447e+05 -2.132043248333872543e+04 1.000000000004566516e+02 7.554203396884974886e+00
4.694656002529372927e+05 -2.137305943633441711e+04 1.000000000004001492e+02 7.554214094540044222e+00
4.695273813669449883e+05 -2.142568638933010152e+04 1.000000000000702158e+02 7.554224665562244034e+00
4.695891125841243193e+05 -2.147831334232578956e+04 9.999999999886267688e+01 7.554235134161794818e+00
4.696507939044106752e+05 -2.153094029532148124e+04 1.000000000008850662e+02 7.554245475201777360e+00
4.697124253278669203e+05 -2.158356724831716929e+04 9.999999999993117683e+01 7.554255700241335525e+00
4.697740068544080714e+05 -2.163619420131285369e+04 1.000000000007302674e+02 7.554265775918883818e+00
4.698355384840820916e+05 -2.168882115430854537e+04 1.000000000029001797e+02 7.554275706117861588e+00
4.698970202169118566e+05 -2.174144810730423342e+04 1.000000000035167886e+02 7.554285489616683336e+00
4.699584520527817076e+05 -2.179407506029992510e+04 1.000000000015300969e+02 7.554295088506620459e+00
4.700198339918352431e+05 -2.184670201329560950e+04 9.999999999996877875e+01 7.554304526499169725e+00
4.700811660339548835e+05 -2.189932896629129755e+04 9.999999999654374960e+01 7.554313763913437008e+00
4.701424481792751467e+05 -2.195195591928698923e+04 9.999999999877796597e+01 7.554322818140168927e+00
4.702036804277226911e+05 -2.200458287228267727e+04 9.999999999950493645e+01 7.554331664956542625e+00
4.702648627792422194e+05 -2.205720982527836168e+04 1.000000000006803020e+02 7.554340275580413433e+00
4.703259952339360607e+05 -2.210983677827405336e+04 9.999999999810572149e+01 7.554348668671295286e+00
4.703870777916758670e+05 -2.216246373126974140e+04 1.000000000008544419e+02 7.554356786112880862e+00
4.704481104525658884e+05 -2.221509068426543308e+04 9.999999999924199301e+01 7.554364652016719361e+00
4.705090932166018756e+05 -2.226771763726111749e+04 9.999999999921861615e+01 7.554372245003174058e+00
4.705700260837487876e+05 -2.232034459025680553e+04 1.000000000003193037e+02 7.554379539780879504e+00
4.706309090540489415e+05 -2.237297154325249721e+04 1.000000000009005561e+02 7.554386533465160092e+00
4.706917421274079825e+05 -2.242559849624818526e+04 1.000000000010873862e+02 7.554393180876145308e+00
4.707525253039720119e+05 -2.247822544924386966e+04 9.999999999605108769e+01 7.554399512975023434e+00
4.708132585835717618e+05 -2.253085240223956134e+04 1.000000000006722871e+02 7.554405444235694489e+00
4.708739419663413428e+05 -2.258347935523524939e+04 9.999999999938556527e+01 7.554411010803239179e+00
4.709345754522429197e+05 -2.263610630823094107e+04 9.999999999999059241e+01 7.554416172917303385e+00
4.709951590412598453e+05 -2.268873326122662547e+04 9.999999999886509272e+01 7.554420906396915214e+00
4.710556927333784988e+05 -2.274136021422231352e+04 1.000000000018527686e+02 7.554425178109558381e+00
4.711161765286449227e+05 -2.279398716721800520e+04 1.000000000004026077e+02 7.554428986973015014e+00
4.711766104270069045e+05 -2.284661412021369324e+04 1.000000000036680063e+02 7.554432281587635245e+00
4.712369944285108359e+05 -2.289924107320938128e+04 1.000000000009053878e+02 7.554435059439625455e+00
4.712973285331327352e+05 -2.295186802620506933e+04 9.999999999935506878e+01 7.554437278468095762e+00
4.713576127408855828e+05 -2.300449497920075737e+04 1.000000000002110454e+02 7.554438911884876262e+00
4.714178470517477836e+05 -2.305712193219644905e+04 9.999999999881396207e+01 7.554439924695214970e+00
4.714780314657518174e+05 -2.310974888519213346e+04 1.000000000000744649e+02 7.554440291196460322e+00
4.715381659828668344e+05 -2.316237583818782150e+04 1.000000000031229206e+02 7.554439966357464620e+00
4.715982506031242083e+05 -2.321500279118351318e+04 9.999999999844851573e+01 7.554438933044023585e+00
4.716582853264952428e+05 -2.326762974417920123e+04 1.000000000014386075e+02 7.554437128412661018e+00
4.717182701529792394e+05 -2.332025669717488927e+04 1.000000000003334293e+02 7.554434521646207656e+00
4.717782050825867336e+05 -2.337288365017057731e+04 1.000000000006476739e+02 7.554431069169710966e+00
4.718380901153007289e+05 -2.342551060316626535e+04 1.000000000000279812e+02 7.554426719902616938e+00
4.718979252511722734e+05 -2.347813755616195704e+04 9.999999999947118567e+01 7.554421446854969524e+00
4.719577104901614948e+05 -2.353076450915764144e+04 9.999999999969573139e+01 7.554415182454783384e+00
4.720174458322643186e+05 -2.358339146215332948e+04 9.999999999949955054e+01 7.554407872318084749e+00
4.720771312774865073e+05 -2.363601841514902117e+04 1.000000000004593659e+02 7.554399460304136227e+00
4.721367668258238700e+05 -2.368864536814470921e+04 1.000000000008718217e+02 7.554389886565873624e+00
4.721963524773121462e+05 -2.374127232114039725e+04 9.999999999903238290e+01 7.554379106886654149e+00
4.722558882318994729e+05 -2.379389927413608530e+04 9.999999999807351969e+01 7.554367027492443043e+00
4.723153740896209492e+05 -2.384652622713177334e+04 1.000000000011321646e+02 7.554353591039834726e+00
4.723748100504573085e+05 -2.389915318012746502e+04 1.000000000009241177e+02 7.554338720099695870e+00
4.724341961144215311e+05 -2.395178013312314943e+04 1.000000000006545804e+02 7.554322339602336456e+00
4.724935322815275285e+05 -2.400440708611883747e+04 9.999999999713364218e+01 7.554304375466285748e+00
4.725528185517228558e+05 -2.405703403911452915e+04 9.999999999737021028e+01 7.554284705840472292e+00
4.726120549250649638e+05 -2.410966099211021719e+04 9.999999999922863481e+01 7.554263268051443880e+00
4.726712414015133982e+05 -2.416228794510590524e+04 1.000000000009269883e+02 7.554239942510068140e+00
4.727303779810793931e+05 -2.421491489810159328e+04 9.999999999930254546e+01 7.554214631964534021e+00
4.727894646637928090e+05 -2.426754185109728132e+04 9.999999999949108087e+01 7.554187236344891865e+00
4.728485014496288495e+05 -2.432016880409297301e+04 1.000000000005575345e+02 7.554157622173194753e+00
4.729074883385790163e+05 -2.437279575708865741e+04 9.999999999944267870e+01 7.554125661104820644e+00
4.729664253306399332e+05 -2.442542271008434545e+04 9.999999999758831848e+01 7.554091214118904496e+00
4.730253124258553726e+05 -2.447804966308003713e+04 9.999999999896934355e+01 7.554054160608602686e+00
4.730841496241638088e+05 -2.453067661607572518e+04 9.999999999985821830e+01 7.554014312302305356e+00
4.731429369256189675e+05 -2.458330356907141322e+04 9.999999999815946694e+01 7.553971541535249301e+00
4.732016743301740498e+05 -2.463593052206710126e+04 1.000000000003883684e+02 7.553925638971558776e+00
4.732603618378685205e+05 -2.468855747506278931e+04 1.000000000009392096e+02 7.553876449520959824e+00
4.733189994486918440e+05 -2.474118442805848099e+04 9.999999999865843847e+01 7.553823770234647128e+00
4.733775871626222506e+05 -2.479381138105416539e+04 1.000000000011507382e+02 7.553767366664019711e+00
4.734361249796785414e+05 -2.484643833404985344e+04 9.999999999919684512e+01 7.553707034855523084e+00
4.734946128998613567e+05 -2.489906528704554512e+04 1.000000000005061764e+02 7.553642526477118757e+00
4.735530509231705219e+05 -2.495169224004123316e+04 1.000000000003471570e+02 7.553573587422136804e+00
4.736114390496081905e+05 -2.500431919303692121e+04 1.000000000002617639e+02 7.553499941121439853e+00
4.736697772791518364e+05 -2.505694614603260925e+04 1.000000000008974865e+02 7.553421272430100863e+00
4.737280656118365587e+05 -2.510957309902829729e+04 9.999999999994642508e+01 7.553337292476970610e+00
4.737863040476374445e+05 -2.516220005202398897e+04 1.000000000013769750e+02 7.553247637501898204e+00
4.738444925865523983e+05 -2.521482700501967338e+04 1.000000000008234053e+02 7.553151940980707302e+00
4.739026312286022003e+05 -2.526745395801536142e+04 9.999999999942865259e+01 7.553049826764191010e+00
4.739607199737744522e+05 -2.532008091101105310e+04 1.000000000005220642e+02 7.552940855991518987e+00
4.740187588220589096e+05 -2.537270786400674115e+04 9.999999999881498525e+01 7.552824567167149894e+00
4.740767477734852582e+05 -2.542533481700242919e+04 1.000000000003188916e+02 7.552700490501444541e+00
4.741346868280232884e+05 -2.547796176999811723e+04 9.999999999935845096e+01 7.552568071479731415e+00
4.741925759856986697e+05 -2.553058872299380528e+04 1.000000000014680950e+02 7.552426756377647266e+00
4.742504152464816580e+05 -2.558321567598949696e+04 1.000000000005542375e+02 7.552275900645876838e+00
4.743082046103934990e+05 -2.563584262898518136e+04 1.000000000019159501e+02 7.552114851345793411e+00
4.743659440774252289e+05 -2.568846958198086941e+04 1.000000000011897043e+02 7.551942875655445420e+00
4.744236336475870921e+05 -2.574109653497656109e+04 1.000000000001118678e+02 7.551759196742226621e+00
4.744812733208702994e+05 -2.579372348797224913e+04 9.999999999890559366e+01 7.551562950067703284e+00
4.745388630972748506e+05 -2.584635044096793717e+04 1.000000000014630359e+02 7.551353203060831021e+00
4.745964029768173932e+05 -2.589897739396362522e+04 9.999999999949477569e+01 7.551128974551549078e+00
4.746538929594793590e+05 -2.595160434695931326e+04 1.000000000013495054e+02 7.550889133528849051e+00
4.747113330452418886e+05 -2.600423129995500494e+04 1.000000000029694860e+02 7.550632458652460244e+00
4.747687232341467752e+05 -2.605685825295068935e+04 9.999999999961777064e+01 7.550357699723813099e+00
4.748260635261801071e+05 -2.610948520594637739e+04 1.000000000057552683e+02 7.550063393639915965e+00
4.748833539213305921e+05 -2.616211215894206907e+04 1.000000000041759449e+02 7.549747971784772638e+00
4.749405944196034106e+05 -2.621473911193775712e+04 9.999999999940823159e+01 7.549409718485152965e+00
4.749977850210049655e+05 -2.626736606493344516e+04 1.000000000006270113e+02 7.549046747417888170e+00
4.750549257255329867e+05 -2.631999301792913320e+04 9.999999999778697202e+01 7.548656989511593807e+00
4.751120165331850876e+05 -2.637261997092482125e+04 9.999999999845833543e+01 7.548238145596406490e+00
4.751690574439514312e+05 -2.642524692392051293e+04 9.999999999969553244e+01 7.547787679382130577e+00
4.752260484578579781e+05 -2.647787387691619733e+04 9.999999999905507764e+01 7.547302851597298634e+00
4.752829895748751587e+05 -2.653050082991188901e+04 1.000000000003031886e+02 7.546780516294571584e+00
4.753398807950304472e+05 -2.658312778290757706e+04 1.000000000006792789e+02 7.546217305789240548e+00
4.753967221183003276e+05 -2.663575473590326510e+04 1.000000000029245371e+02 7.545609364028030619e+00
4.754535135447019711e+05 -2.668838168889895314e+04 9.999999999885491775e+01 7.544952496772423522e+00
4.755102550742234453e+05 -2.674100864189464119e+04 1.000000000014619559e+02 7.544241936130482884e+00
4.755669467068719096e+05 -2.679363559489032923e+04 9.999999999630563252e+01 7.543472421638215408e+00
4.756235884426501580e+05 -2.684626254788602091e+04 9.999999999883281987e+01 7.542638017903173342e+00
4.756801802815509145e+05 -2.689888950088170532e+04 1.000000000000462563e+02 7.541732052443503420e+00
4.757367222235788358e+05 -2.695151645387739700e+04 9.999999999863595690e+01 7.540747033063423643e+00
4.757932142687357264e+05 -2.700414340687308504e+04 9.999999999660654737e+01 7.539674487771746314e+00
4.758496564170172205e+05 -2.705677035986876945e+04 1.000000000016179058e+02 7.538504796738845215e+00
4.759060486684259376e+05 -2.710939731286446113e+04 1.000000000017682851e+02 7.537227076332936093e+00
4.759623910229625180e+05 -2.716202426586014917e+04 9.999999999742344414e+01 7.535828906645687830e+00
4.760186834806284751e+05 -2.721465121885583721e+04 1.000000000016628121e+02 7.534296086577607632e+00
4.760749260414227028e+05 -2.726727817185152526e+04 9.999999999998182432e+01 7.532612347635688543e+00
4.761311187053453759e+05 -2.731990512484721330e+04 9.999999999711876342e+01 7.530758952606982248e+00
4.761872614723996376e+05 -2.737253207784290498e+04 1.000000000019778810e+02 7.528714270658750429e+00
4.762433543425828102e+05 -2.742515903083859303e+04 1.000000000036016843e+02 7.526453207011433832e+00
4.762993973158992594e+05 -2.747778598383427743e+04 1.000000000002414708e+02 7.523946564883956967e+00
4.763553903923455509e+05 -2.753041293682996911e+04 1.000000000004398828e+02 7.521160141614743111e+00
4.764113335719293682e+05 -2.758303988982565716e+04 1.000000000068081079e+02 7.518053805809579160e+00
4.764672268546433188e+05 -2.763566684282134520e+04 9.999999999795987549e+01 7.514580091499392545e+00
4.765230702404968324e+05 -2.768829379581703324e+04 9.999999999902672698e+01 7.510682687131519764e+00
4.765788637294860091e+05 -2.774092074881272129e+04 9.999999999299411968e+01 7.506294288988471841e+00
4.766346073216186487e+05 -2.779354770180841297e+04 9.999999999680579776e+01 7.501334062140130321e+00
4.766903010168918991e+05 -2.784617465480410101e+04 1.000000000005911716e+02 7.495704161519688213e+00
4.767459448153134435e+05 -2.789880160779978542e+04 9.999999999825770658e+01 7.489285451693505458e+00
4.768015387168816524e+05 -2.795142856079547710e+04 1.000000000036523033e+02 7.481931546606301886e+00
4.768570827216054895e+05 -2.800405551379116514e+04 1.000000000017995063e+02 7.473461327245735752e+00
4.769125768294870504e+05 -2.805668246678685318e+04 9.999999999782014015e+01 7.463648396113969241e+00
4.769680210405346006e+05 -2.810930941978254123e+04 9.999999999426360375e+01 7.452207122581842036e+00
4.770234153547578026e+05 -2.816193637277822927e+04 1.000000000038122892e+02 7.438773119831722624e+00
4.770787597721659113e+05 -2.821456332577392095e+04 9.999999999892334301e+01 7.422875944339808463e+00
4.771340542927717906e+05 -2.826719027876960899e+04 9.999999999502772141e+01 7.403900081092020358e+00
4.771892989165937761e+05 -2.831981723176529340e+04 9.999999999757078228e+01 7.381028333058795354e+00
4.772444936436561402e+05 -2.837244418476098508e+04 1.000000000038535291e+02 7.353157655668055348e+00
4.772506233110613539e+05 -2.837829162398272820e+04 1.000000000025566465e+02 7.349691452698091432e+00
4.772567523624589667e+05 -2.838413906320447131e+04 1.000000000114987984e+02 7.346142972864021736e+00
4.772628807978462428e+05 -2.838998650242621443e+04 1.000000000019848869e+02 7.342509620586662678e+00
4.772690086172255105e+05 -2.839583394164795754e+04 1.000000000001165432e+02 7.338788766858692192e+00
4.772751358205949655e+05 -2.840168138086970066e+04 9.999999999906199832e+01 7.334977613040885913e+00
4.772812624079569941e+05 -2.840752882009144378e+04 9.999999999624098734e+01 7.331073345873144298e+00
4.772873883793093846e+05 -2.841337625931318689e+04 9.999999999757221758e+01 7.327072922225335461e+00
4.772935137346538831e+05 -2.841922369853493001e+04 9.999999999948666130e+01 7.322973282097687608e+00
4.772996384739893838e+05 -2.842507113775667312e+04 9.999999999737320877e+01 7.318771173408606501e+00
4.773547334076383850e+05 -2.847769809075236117e+04 1.000000000006821068e+02 7.275738491794650820e+00
4.774097784446641454e+05 -2.853032504374804921e+04 9.999999997344852432e+01 7.220994313427107514e+00
4.774647735851577017e+05 -2.858295199674373725e+04 1.000000000017865744e+02 7.150003006952279527e+00
4.775197188292542123e+05 -2.863557894973942894e+04 9.999999998197405660e+01 7.055830281025146533e+00
4.775746141771678813e+05 -2.868820590273511698e+04 1.000000000091208676e+02 6.927454490624007200e+00
4.776294596292488277e+05 -2.874083285573080138e+04 1.000000000068453261e+02 6.746517675778394896e+00
4.776842551861134707e+05 -2.879345980872649307e+04 1.000000000035553285e+02 6.480628622283282070e+00
4.807770235732544679e+05 -3.184582308247642868e+04 9.999999999951380403e+01 7.506370114531956794e+00
4.808288752087942557e+05 -3.189845003547211309e+04 1.000000000052178848e+02 7.507642282116690602e+00
4.808806769474556786e+05 -3.195107698846780113e+04 1.000000000018513333e+02 7.508850344836740298e+00
4.809324287892408320e+05 -3.200370394146349281e+04 1.000000000014450450e+02 7.509998735493836008e+00
4.809841307341444772e+05 -3.205633089445918085e+04 9.999999999783392468e+01 7.511091505302799121e+00
4.810357827821744140e+05 -3.210895784745486526e+04 9.999999999958764363e+01 7.512132367185286874e+00
4.810873849333270919e+05 -3.216158480045055694e+04 1.000000000007133139e+02 7.513124719293346132e+00
4.811389371875966317e+05 -3.221421175344624498e+04 9.999999999961733010e+01 7.514071672512413258e+00
4.811904395449997392e+05 -3.226683870644193667e+04 1.000000000003947491e+02 7.514976114372458049e+00
4.812418920055223280e+05 -3.231946565943762107e+04 9.999999999797897487e+01 7.515840667841350964e+00
4.812932945691571222e+05 -3.237209261243330911e+04 9.999999999769161718e+01 7.516667750217770561e+00
4.813446472359189647e+05 -3.242471956542900080e+04 9.999999999644572313e+01 7.517459631766072015e+00
4.813959500058150734e+05 -3.247734651842468884e+04 9.999999999973411491e+01 7.518218391607918605e+00
4.814472028788158786e+05 -3.252997347142037324e+04 1.000000000010400356e+02 7.518945920174620490e+00
4.814984058549537440e+05 -3.258260042441606493e+04 1.000000000021099709e+02 7.519644037378800938e+00
