-2.770262590283479076e+06 -6.516520084883213215e+00 1.000000000026272744e+02 7.468218014647593606e+00
-2.760832487506600562e+06 -6.029765134023194406e+01 9.999999999887231183e+01 7.468217747543722140e+00
-2.751415425820155535e+06 -1.140787825955806909e+02 1.000000000004501715e+02 7.468217515916906635e+00
-2.742011407314218581e+06 -1.678599138509294164e+02 9.999999999971750242e+01 7.468217298325285469e+00
-2.732620431915002409e+06 -2.216410451062781419e+02 1.000000000005951790e+02 7.468217055900142398e+00
-2.723242501006247010e+06 -2.754221763616268390e+02 9.999999999296061048e+01 7.468216815327310520e+00
-2.713877610922995023e+06 -3.292033076169756214e+02 1.000000000018155646e+02 7.468216575354584386e+00
-2.704525767164601013e+06 -3.829844388723242901e+02 1.000000000021875337e+02 7.468216273281377937e+00
-2.695186962142947130e+06 -4.367655701276730724e+02 1.000000000002915925e+02 7.468216119744493398e+00
-2.685861201948642731e+06 -4.905467013830217979e+02 9.999999999553513419e+01 7.468215878955268394e+00
-2.676548484459385742e+06 -5.443278326383705235e+02 9.999999999968261477e+01 7.468215647221357223e+00
-2.667248810066444334e+06 -5.981089638937193058e+02 1.000000000002429630e+02 7.468215388484718886e+00
-2.657962180899938103e+06 -6.518900951490679745e+02 1.000000000023980959e+02 7.468215080501415137e+00
-2.648688592354759574e+06 -7.056712264044167568e+02 9.999999999712238719e+01 7.468214891961730828e+00
-2.639428046188188251e+06 -7.594523576597654255e+02 1.000000000036005332e+02 7.468214661419781741e+00
-2.630180544582145754e+06 -8.132334889151142079e+02 1.000000000059780518e+02 7.468214421749165943e+00
-2.620946086743604392e+06 -8.670146201704629902e+02 1.000000000033233221e+02 7.468214140889864794e+00
-2.611724668571878690e+06 -9.207957514258116589e+02 1.000000000033987391e+02 7.468213959230503463e+00
-2.602516297663213219e+06 -9.745768826811604413e+02 9.999999999689080710e+01 7.468213670066649712e+00
-2.593320968629279174e+06 -1.028358013936508996e+03 9.999999999807555184e+01 7.468213394603859356e+00
-2.584138681011690758e+06 -1.082139145191858006e+03 1.000000000055475766e+02 7.468213147029816312e+00
-2.574969437856268603e+06 -1.135920276447206788e+03 1.000000000077738491e+02 7.468212891780974694e+00
-2.565813235043838620e+06 -1.189701407702555571e+03 9.999999999915932847e+01 7.468212701942482212e+00
-2.556670079180497210e+06 -1.243482538957904126e+03 1.000000000024569715e+02 7.468212414268006860e+00
-2.547539961850258056e+06 -1.297263670213252908e+03 1.000000000014868107e+02 7.468212232241802084e+00
-2.538422893491773866e+06 -1.351044801468601690e+03 9.999999999900681757e+01 7.468211869660624558e+00
-2.529318862687572371e+06 -1.404825932723950473e+03 9.999999999958387775e+01 7.468211702888942760e+00
-2.520227877685946878e+06 -1.458607063979299028e+03 1.000000000006959340e+02 7.468211415670396036e+00
-2.511149933866832871e+06 -1.512388195234647810e+03 1.000000000048556075e+02 7.468211208198274775e+00
-2.502085033747544046e+06 -1.566169326489996592e+03 1.000000000016369484e+02 7.468210953039308819e+00
-2.493033177089959849e+06 -1.619950457745345375e+03 1.000000000020945663e+02 7.468210700298298477e+00
-2.483994363656707574e+06 -1.673731589000694157e+03 9.999999999841909926e+01 7.468210439511218546e+00
-2.474968593848430552e+06 -1.727512720256042712e+03 1.000000000000638920e+02 7.468210151352328019e+00
-2.465955865841440391e+06 -1.781293851511391495e+03 1.000000000006470344e+02 7.468209928810437326e+00
-2.456956182354204822e+06 -1.835074982766740277e+03 9.999999999718762922e+01 7.468209646607325780e+00
-2.447969540698771365e+06 -1.888856114022089059e+03 9.999999999396764849e+01 7.468209363846160187e+00
-2.438995942335838452e+06 -1.942637245277437842e+03 9.999999999989114485e+01 7.468209095083789606e+00
-2.430035387210500427e+06 -1.996418376532786624e+03 9.999999999836370534e+01 7.468208839337896698e+00
-2.421087873478838708e+06 -2.050199507788135179e+03 1.000000000003684590e+02 7.468208604188624200e+00
-2.412153405434674583e+06 -2.103980639043484189e+03 1.000000000050809348e+02 7.468208303248954572e+00
-2.403231976927401964e+06 -2.157761770298832744e+03 9.999999999934699701e+01 7.468208081669336806e+00
-2.394323594116182532e+06 -2.211542901554181753e+03 1.000000000002385008e+02 7.468207814770508435e+00
-2.385428256227835547e+06 -2.265324032809530308e+03 1.000000000025536906e+02 7.468207456836824853e+00
-2.376545956031181850e+06 -2.319105164064878863e+03 9.999999999989562127e+01 7.468207304853136996e+00
-2.367676702497195452e+06 -2.372886295320227418e+03 1.000000000012930315e+02 7.468206999203183649e+00
-2.358820490843270905e+06 -2.426667426575575973e+03 1.000000000017625155e+02 7.468206755519203099e+00
-2.349977321763749234e+06 -2.480448557830924983e+03 9.999999999944130025e+01 7.468206520389179204e+00
-2.341147196386979893e+06 -2.534229689086273538e+03 9.999999999846234289e+01 7.468206243926742260e+00
-2.332330114117024932e+06 -2.588010820341622548e+03 1.000000000014940866e+02 7.468205971076611327e+00
-2.323526076188157778e+06 -2.641791951596971103e+03 9.999999999978309972e+01 7.468205665191560705e+00
-2.314735078747398686e+06 -2.695573082852320113e+03 9.999999999836330744e+01 7.468205460456360356e+00
-2.305957126960794441e+06 -2.749354214107668668e+03 9.999999999391448569e+01 7.468205122883809111e+00
-2.297192214458486997e+06 -2.803135345363017677e+03 1.000000000015915731e+02 7.468204906282999822e+00
-2.288440346596220043e+06 -2.856916476618366232e+03 1.000000000022303794e+02 7.468204662397428528e+00
-2.279701524690159131e+06 -2.910697607873714787e+03 9.999999999884555280e+01 7.468204318591240565e+00
-2.270975744431817904e+06 -2.964478739129063797e+03 9.999999999711077692e+01 7.468203969022558120e+00
-2.262263005265193991e+06 -3.018259870384412352e+03 1.000000000002202682e+02 7.468203760184229267e+00
-2.253563309360843152e+06 -3.072041001639761362e+03 1.000000000028256011e+02 7.468203513318527165e+00
-2.244876657335162628e+06 -3.125822132895109917e+03 9.999999999770872705e+01 7.468203228005036998e+00
-2.236203049362548627e+06 -3.179603264150458926e+03 1.000000000005209984e+02 7.468202892296869955e+00
-2.227542482597956434e+06 -3.233384395405807481e+03 1.000000000007075727e+02 7.468202655689931468e+00
-2.218894959375586826e+06 -3.287165526661156036e+03 9.999999999961900699e+01 7.468202373244144709e+00
-2.210260479722894728e+06 -3.340946657916504591e+03 9.999999999750220070e+01 7.468202077163702768e+00
-2.201639042642884888e+06 -3.394727789171853601e+03 9.999999999410121632e+01 7.468201811712068761e+00
-2.193030649475696031e+06 -3.448508920427202156e+03 1.000000000020815634e+02 7.468201494611959035e+00
-2.184435298579432536e+06 -3.502290051682550711e+03 9.999999999159872743e+01 7.468201218520231777e+00
-2.175852988975373097e+06 -3.556071182937899721e+03 1.000000000040196824e+02 7.468200951518341846e+00
-2.167283724439377431e+06 -3.609852314193248276e+03 9.999999999782768612e+01 7.468200674520885762e+00
-2.158727502059009857e+06 -3.663633445448597286e+03 1.000000000004997673e+02 7.468200390684244461e+00
-2.150184322437087540e+06 -3.717414576703945841e+03 9.999999999838777853e+01 7.468200146824266916e+00
-2.141654187379392330e+06 -3.771195707959294850e+03 1.000000000028839651e+02 7.468199817383664119e+00
-2.133137094676035456e+06 -3.824976839214643405e+03 1.000000000008032259e+02 7.468199527483575295e+00
-2.124633045212852303e+06 -3.878757970469992415e+03 1.000000000025676030e+02 7.468199220575317376e+00
-2.116142037864072248e+06 -3.932539101725340970e+03 9.999999999929718797e+01 7.468198957429430962e+00
-2.107664073880475946e+06 -3.986320232980689980e+03 1.000000000008967618e+02 7.468198675088115301e+00
-2.099199153641584329e+06 -4.040101364236038535e+03 1.000000000002859650e+02 7.468198367552056460e+00
-2.090747276159642497e+06 -4.093882495491387090e+03 9.999999999981444887e+01 7.468198053409484949e+00
-2.082308440340068191e+06 -4.147663626746735645e+03 9.999999999879084100e+01 7.468197809301821977e+00
-2.073882648516866378e+06 -4.201444758002084200e+03 9.999999999975361220e+01 7.468197506598510671e+00
-2.065469900413604919e+06 -4.255225889257432755e+03 1.000000000004514362e+02 7.468197170975532373e+00
-2.057070194060634123e+06 -4.309007020512781310e+03 1.000000000020795881e+02 7.468196908648391030e+00
-2.048683530157594709e+06 -4.362788151768130774e+03 9.999999999904046888e+01 7.468196652696970084e+00
-2.040309912361647701e+06 -4.416569283023479329e+03 9.999999999886486535e+01 7.468196306134633922e+00
-2.031949335342627019e+06 -4.470350414278827884e+03 1.000000000003441443e+02 7.468196000219639252e+00
-2.023601802001899807e+06 -4.524131545534176439e+03 1.000000000010001031e+02 7.468195691207504261e+00
-2.015267311070694588e+06 -4.577912676789525904e+03 1.000000000000042633e+02 7.468195405519509222e+00
-2.006945862940344494e+06 -4.631693808044873549e+03 9.999999999924253302e+01 7.468195124246342687e+00
-1.998637458906966262e+06 -4.685474939300222104e+03 9.999999999811161899e+01 7.468194805968793482e+00
-1.990342097476939438e+06 -4.739256070555571569e+03 9.999999999892703784e+01 7.468194484654861576e+00
-1.982059778520845575e+06 -4.793037201810920124e+03 1.000000000023637341e+02 7.468194190542778443e+00
-1.973790503102217568e+06 -4.846818333066268679e+03 1.000000000012708341e+02 7.468193871934906802e+00
-1.965534270553479437e+06 -4.900599464321617234e+03 9.999999999907424808e+01 7.468193580038290591e+00
-1.957291081319221295e+06 -4.954380595576966698e+03 1.000000000014766499e+02 7.468193254350069310e+00
-1.949060934405602049e+06 -5.008161726832315253e+03 9.999999999952022733e+01 7.468192956910822744e+00
-1.940843831134855282e+06 -5.061942858087663808e+03 9.999999999988536104e+01 7.468192654856177448e+00
-1.932639770399784902e+06 -5.115723989343012363e+03 1.000000000009107595e+02 7.468192354088632356e+00
-1.924448753262599465e+06 -5.169505120598361827e+03 1.000000000005849330e+02 7.468192032233644362e+00
-1.916270778518711450e+06 -5.223286251853709473e+03 9.999999999965990582e+01 7.468191730224383207e+00
-1.908105847680715378e+06 -5.277067383109058937e+03 1.000000000011098393e+02 7.468191387235860290e+00
-1.899953959287077654e+06 -5.330848514364407492e+03 9.999999999911028681e+01 7.468191064906994470e+00
-1.891815113327604951e+06 -5.384629645619756957e+03 9.999999999954027885e+01 7.468190787876204162e+00
-1.883689311564109521e+06 -5.438410776875104602e+03 1.000000000000634088e+02 7.468190452780860689e+00
-1.875576551243744325e+06 -5.492191908130454067e+03 9.999999999907983295e+01 7.468190146856302114e+00
-1.867476834897078574e+06 -5.545973039385802622e+03 1.000000000074352187e+02 7.468189836451665897e+00
-1.859390161849737400e+06 -5.599754170641151177e+03 1.000000000009248708e+02 7.468189506504887554e+00
-1.851316531448301161e+06 -5.653535301896499732e+03 9.999999999975769072e+01 7.468189189269660133e+00
-1.843255945189941674e+06 -5.707316433151848287e+03 9.999999999751278779e+01 7.468188838775985161e+00
-1.835208400701010367e+06 -5.761097564407197751e+03 9.999999999800560602e+01 7.468188525170643466e+00
-1.827173899001814891e+06 -5.814878695662545397e+03 9.999999999785949001e+01 7.468188224829728661e+00
-1.819152440740333637e+06 -5.868659826917894861e+03 9.999999999836958864e+01 7.468187879457580891e+00
-1.811144025597680593e+06 -5.922440958173243416e+03 1.000000000007101590e+02 7.468187560687950644e+00
-1.803148653946209000e+06 -5.976222089428592881e+03 9.999999999964951769e+01 7.468187214400866303e+00
-1.795166324884725502e+06 -6.030003220683940526e+03 1.000000000002245457e+02 7.468186869447044351e+00
-1.787197039073498454e+06 -6.083784351939289991e+03 9.999999999896647296e+01 7.468186546266404768e+00
-1.779240795862493105e+06 -6.137565483194638546e+03 1.000000000014148753e+02 7.468186203825532665e+00
-1.771297594889341621e+06 -6.191346614449988010e+03 1.000000000000916742e+02 7.468185919381207682e+00
-1.763367438374339603e+06 -6.245127745705335656e+03 1.000000000008340066e+02 7.468185559172112242e+00
-1.755450324625371257e+06 -6.298908876960685120e+03 1.000000000005048690e+02 7.468185221718985467e+00
-1.747546253407602198e+06 -6.352690008216033675e+03 9.999999999737494250e+01 7.468184887254921911e+00
-1.739655224897080800e+06 -6.406471139471382230e+03 9.999999999854973964e+01 7.468184571645235970e+00
-1.731777240064474754e+06 -6.460252270726730785e+03 1.000000000001597726e+02 7.468184232358210828e+00
-1.723912297881863080e+06 -6.514033401982079340e+03 9.999999999848407128e+01 7.468183897078445099e+00
-1.716060399221396074e+06 -6.567814533237428805e+03 9.999999999934267692e+01 7.468183557778385051e+00
-1.708221543676000554e+06 -6.621595664492776450e+03 1.000000000003522871e+02 7.468183196442478966e+00
-1.700395730130863143e+06 -6.675376795748125915e+03 1.000000000001726193e+02 7.468182872869279620e+00
-1.692582960400942713e+06 -6.729157927003474470e+03 1.000000000010916636e+02 7.468182526144301114e+00
-1.684783233559485991e+06 -6.782939058258823934e+03 9.999999999949247353e+01 7.468182191185527508e+00
-1.676996549670894397e+06 -6.836720189514171580e+03 9.999999999995206679e+01 7.468181843331052505e+00
-1.669222909154181834e+06 -6.890501320769521044e+03 1.000000000000409841e+02 7.468181489614302393e+00
-1.661462310656750808e+06 -6.944282452024869599e+03 9.999999999861346112e+01 7.468181156178543390e+00
-1.653714756372870877e+06 -6.998063583280218154e+03 1.000000000010233236e+02 7.468180781479500929e+00
-1.645980243966236012e+06 -7.051844714535566709e+03 1.000000000012477557e+02 7.468180447322466442e+00
-1.638258775562082417e+06 -7.105625845790916173e+03 9.999999999895784697e+01 7.468180084374869132e+00
-1.630550349925726186e+06 -7.159406977046264728e+03 9.999999999940844475e+01 7.468179732697414863e+00
-1.622854966633000644e+06 -7.213188108301613283e+03 1.000000000025183340e+02 7.468179390769162040e+00
-1.615172626809278037e+06 -7.266969239556961838e+03 9.999999999895224789e+01 7.468179041470888180e+00
-1.607503331053315196e+06 -7.320750370812311303e+03 1.000000000015636061e+02 7.468178659435526612e+00
-1.599847076729882741e+06 -7.374531502067659858e+03 1.000000000016653274e+02 7.468178309049346097e+00
-1.592203866175350035e+06 -7.428312633323007503e+03 1.000000000008919017e+02 7.468177952608646919e+00
-1.584573698487980524e+06 -7.482093764578356968e+03 1.000000000010372077e+02 7.468177611893548118e+00
-1.576956573781807674e+06 -7.535874895833705523e+03 9.999999999999106137e+01 7.468177251591810339e+00
-1.569352492754356237e+06 -7.589656027089054078e+03 9.999999999977607956e+01 7.468176863741532223e+00
-1.561761453624030109e+06 -7.643437158344402633e+03 9.999999999785202931e+01 7.468176517039211149e+00
-1.554183458232932026e+06 -7.697218289599752097e+03 1.000000000057535061e+02 7.468176127769854844e+00
-1.546618505995319225e+06 -7.750999420855100652e+03 9.999999999988759214e+01 7.468175760682927766e+00
-1.539066596429536818e+06 -7.804780552110449207e+03 1.000000000044770303e+02 7.468175389340014014e+00
-1.531527729496447602e+06 -7.858561683365797762e+03 1.000000000002961542e+02 7.468175039721187680e+00
-1.524001906384763774e+06 -7.912342814621147227e+03 1.000000000009485035e+02 7.468174651921667184e+00
-1.516489125855204649e+06 -7.966123945876495782e+03 1.000000000002594760e+02 7.468174286526786609e+00
-1.508989388516440988e+06 -8.019905077131844337e+03 1.000000000030616292e+02 7.468173883189061613e+00
-1.501502693289018935e+06 -8.073686208387192892e+03 9.999999999943599960e+01 7.468173569530215161e+00
-1.494029041900506942e+06 -8.127467339642542356e+03 1.000000000003326761e+02 7.468173187235731980e+00
-1.486568434375555720e+06 -8.181248470897890002e+03 1.000000000009832348e+02 7.468172777044004285e+00
-1.479120868335841224e+06 -8.235029602153239466e+03 9.999999999976677145e+01 7.468172431144214585e+00
-1.471686345994164469e+06 -8.288810733408587112e+03 1.000000000015336354e+02 7.468172047689512816e+00
-1.464264866932583973e+06 -8.342591864663938395e+03 9.999999999923760186e+01 7.468171660464319572e+00
-1.456856430617853301e+06 -8.396372995919286041e+03 9.999999999917292826e+01 7.468171274012147975e+00
-1.449461037144648610e+06 -8.450154127174633686e+03 1.000000000004633307e+02 7.468170906577184631e+00
-1.442078686938493047e+06 -8.503935258429981332e+03 1.000000000009171828e+02 7.468170512562067209e+00
-1.434709379690177506e+06 -8.557716389685332615e+03 9.999999999718498600e+01 7.468170119301422716e+00
-1.427353115512762219e+06 -8.611497520940680261e+03 9.999999999861620381e+01 7.468169716073741249e+00
-1.420009894500234630e+06 -8.665278652196027906e+03 9.999999999314029253e+01 7.468169323587697583e+00
-1.412679716070527211e+06 -8.719059783451377371e+03 1.000000000003518750e+02 7.468168944808374121e+00
-1.405362580276106019e+06 -8.772840914706726835e+03 9.999999999971629450e+01 7.468168587158433347e+00
-1.398058488245733781e+06 -8.826622045962076299e+03 9.999999999998163958e+01 7.468168178367129428e+00
-1.390767439104540972e+06 -8.880403177217423945e+03 9.999999999917548621e+01 7.468167783561787232e+00
-1.383489432915263111e+06 -8.934184308472771590e+03 9.999999999716237653e+01 7.468167393827413569e+00
-1.376224469662837218e+06 -8.987965439728122874e+03 1.000000000023909479e+02 7.468166988586636634e+00
-1.368972549277051352e+06 -9.041746570983470519e+03 1.000000000000142251e+02 7.468166604053802615e+00
-1.361733672177607892e+06 -9.095527702238818165e+03 1.000000000012513510e+02 7.468166213961654698e+00
-1.354507838655242464e+06 -9.149308833494167629e+03 9.999999999976388665e+01 7.468165780634579143e+00
-1.347295047621755162e+06 -9.203089964749515275e+03 1.000000000000871268e+02 7.468165366956133866e+00
-1.340095299745749915e+06 -9.256871096004864739e+03 1.000000000013170194e+02 7.468164981243875289e+00
-1.332908594770183787e+06 -9.310652227260214204e+03 1.000000000001813589e+02 7.468164567038569679e+00
-1.325734932457149494e+06 -9.364433358515561849e+03 9.999999999988106936e+01 7.468164162044387488e+00
-1.318574313274793560e+06 -9.418214489770911314e+03 9.999999999913727322e+01 7.468163757135553915e+00
-1.311426737560576759e+06 -9.471995621026260778e+03 9.999999999897961800e+01 7.468163339445885285e+00
-1.304292204350633081e+06 -9.525776752281608424e+03 9.999999999957479702e+01 7.468162937099184440e+00
-1.297170714404902188e+06 -9.579557883536957888e+03 1.000000000001338947e+02 7.468162520916778568e+00
-1.290062267617753707e+06 -9.633339014792305534e+03 9.999999999957583441e+01 7.468162097468776572e+00
-1.282966863238485996e+06 -9.687120146047654998e+03 1.000000000000867146e+02 7.468161705471604073e+00
-1.275884503476693761e+06 -9.740901277303004463e+03 9.999999999645298487e+01 7.468161253369982155e+00
-1.268815185073672794e+06 -9.794682408558352108e+03 9.999999999954565055e+01 7.468160843471965293e+00
-1.261758910426820396e+06 -9.848463539813699754e+03 9.999999999690108154e+01 7.468160408445990051e+00
-1.254715678205361124e+06 -9.902244671069051037e+03 9.999999999906398784e+01 7.468160015748026126e+00
-1.247685489282167284e+06 -9.956025802324398683e+03 1.000000000003353762e+02 7.468159593078461889e+00
-1.240668343910829397e+06 -1.000980693357974815e+04 1.000000000008554935e+02 7.468159148399761804e+00
-1.233664241104552057e+06 -1.006358806483509579e+04 1.000000000004745715e+02 7.468158720386623095e+00
-1.226673181224469095e+06 -1.011736919609044344e+04 9.999999999911752013e+01 7.468158280229086010e+00
-1.219695163653871277e+06 -1.017115032734579472e+04 1.000000000051848303e+02 7.468157901060183512e+00
-1.212730190746187465e+06 -1.022493145860114237e+04 9.999999999874849266e+01 7.468157426745195338e+00
-1.205778259479275672e+06 -1.027871258985649001e+04 1.000000000001343352e+02 7.468157035942241784e+00
-1.198839372641435126e+06 -1.033249372111183948e+04 9.999999999690065522e+01 7.468156534807883773e+00
-1.191913527013292536e+06 -1.038627485236718894e+04 9.999999999947765161e+01 7.468156157007109108e+00
-1.185000725683703087e+06 -1.044005598362253659e+04 1.000000000033631693e+02 7.468155699344041665e+00
-1.178100966974653536e+06 -1.049383711487788605e+04 9.999999999897043779e+01 7.468155272353960150e+00
-1.171214250867370283e+06 -1.054761824613323370e+04 1.000000000096451629e+02 7.468154829257581007e+00
-1.164340579254416749e+06 -1.060139937738858498e+04 1.000000000001723777e+02 7.468154351000557689e+00
-1.157479949858911335e+06 -1.065518050864393263e+04 9.999999999921628557e+01 7.468153917560267807e+00
-1.150632361988601740e+06 -1.070896163989928027e+04 1.000000000082712575e+02 7.468153488190242939e+00
-1.143797819283238612e+06 -1.076274277115462974e+04 1.000000000000383693e+02 7.468153024369123649e+00
-1.136976319193967152e+06 -1.081652390240997920e+04 1.000000000021712623e+02 7.468152553364983959e+00
-1.130167861581275705e+06 -1.087030503366532685e+04 1.000000000001025171e+02 7.468152103046121759e+00
-1.123372447113408707e+06 -1.092408616492067631e+04 1.000000000023220110e+02 7.468151643592360500e+00
-1.116590075701730791e+06 -1.097786729617602396e+04 1.000000000020358044e+02 7.468151169215730967e+00
-1.109820746797437081e+06 -1.103164842743137160e+04 9.999999999995738165e+01 7.468150772281117789e+00
-1.103064462329456583e+06 -1.108542955868672288e+04 9.999999999122864835e+01 7.468150269370551264e+00
-1.096321219405107666e+06 -1.113921068994207053e+04 9.999999999926994576e+01 7.468149811068412802e+00
-1.089591020188165363e+06 -1.119299182119741999e+04 9.999999999869456246e+01 7.468149349677887905e+00
-1.082873863543143263e+06 -1.124677295245276764e+04 1.000000000007778596e+02 7.468148897293138688e+00
-1.076169750388030428e+06 -1.130055408370811710e+04 9.999999999991055688e+01 7.468148420843659707e+00
-1.069478679621037096e+06 -1.135433521496346657e+04 1.000000000009274999e+02 7.468147948391958835e+00
-1.062800652119046776e+06 -1.140811634621881421e+04 9.999999999954241048e+01 7.468147504904548484e+00
-1.056135667553478852e+06 -1.146189747747416186e+04 1.000000000070116641e+02 7.468147040627932221e+00
-1.049483726828665705e+06 -1.151567860872951314e+04 1.000000000003683880e+02 7.468146541228867896e+00
-1.042844828529287013e+06 -1.156945973998486079e+04 1.000000000017573143e+02 7.468146047143950028e+00
-1.036218973385548103e+06 -1.162324087124020843e+04 1.000000000020666420e+02 7.468145582256953574e+00
-1.029606161446895916e+06 -1.167702200249555790e+04 9.999999999993079314e+01 7.468145085423850915e+00
-1.023006391658408334e+06 -1.173080313375090736e+04 1.000000000028464342e+02 7.468144617387992845e+00
-1.016419665916157304e+06 -1.178458426500625683e+04 1.000000000001896581e+02 7.468144138677128119e+00
-1.009845982805405278e+06 -1.183836539626160447e+04 1.000000000008514576e+02 7.468143623908381379e+00
-1.003285342470726813e+06 -1.189214652751695212e+04 9.999999999756238367e+01 7.468143169309878537e+00
-9.967377454835774843e+05 -1.194592765877230340e+04 9.999999999962903985e+01 7.468142645717986028e+00
-9.902031909061413025e+05 -1.199970879002765105e+04 1.000000000008752892e+02 7.468142192265728063e+00
-9.836816799790525110e+05 -1.205348992128299869e+04 1.000000000000861746e+02 7.468141690525683885e+00
-9.771732119979267009e+05 -1.210727105253834816e+04 9.999999999965643838e+01 7.468141195958831524e+00
-9.706777870095344260e+05 -1.216105218379369580e+04 1.000000000028854998e+02 7.468140682766143179e+00
-9.641954047019444406e+05 -1.221483331504904527e+04 9.999999999930518868e+01 7.468140194319680347e+00
-9.577260659865423804e+05 -1.226861444630439473e+04 1.000000000001936939e+02 7.468139673076788831e+00
-9.512697697323800530e+05 -1.232239557755974238e+04 9.999999999731969069e+01 7.468139194753889321e+00
-9.448265165889806813e+05 -1.237617670881509184e+04 9.999999999893765334e+01 7.468138694779846709e+00
-9.383963069719168125e+05 -1.242995784007044131e+04 9.999999999841321596e+01 7.468138169049121089e+00
-9.319791394028533250e+05 -1.248373897132578895e+04 1.000000000029305482e+02 7.468137685575230833e+00
-9.255750162164376816e+05 -1.253752010258113842e+04 9.999999999956698105e+01 7.468137146748324184e+00
-9.191839348846396897e+05 -1.259130123383648606e+04 9.999999999884546753e+01 7.468136634898430160e+00
-9.128058976823738776e+05 -1.264508236509183553e+04 9.999999999847213417e+01 7.468136077697344000e+00
-9.064409021340931067e+05 -1.269886349634718499e+04 9.999999999374472281e+01 7.468135612937059520e+00
-9.000889502972345799e+05 -1.275264462760253264e+04 9.999999999911290161e+01 7.468135085526579786e+00
-8.937500415632640943e+05 -1.280642575885788028e+04 1.000000000002222862e+02 7.468134553436953205e+00
-8.874241759888888337e+05 -1.286020689011322975e+04 9.999999999956217778e+01 7.468134008490727282e+00
-8.811113533123579109e+05 -1.291398802136857921e+04 9.999999999987629451e+01 7.468133488264002473e+00
-8.748115732824733714e+05 -1.296776915262392868e+04 1.000000000003443574e+02 7.468132967483312790e+00
-8.685248366287285462e+05 -1.302155028387927632e+04 1.000000000003816183e+02 7.468132432741464655e+00
-8.622511426551456098e+05 -1.307533141513462397e+04 1.000000000004111484e+02 7.468131909254699607e+00
-8.559904918793517863e+05 -1.312911254638997525e+04 1.000000000035552574e+02 7.468131369024354704e+00
-8.497428844241545303e+05 -1.318289367764532290e+04 9.999999999911443638e+01 7.468130797836070478e+00
-8.435083196558055934e+05 -1.323667480890067054e+04 1.000000000000909779e+02 7.468130273838759159e+00
-8.372867978578121401e+05 -1.329045594015602001e+04 9.999999999824257202e+01 7.468129733511704949e+00
-8.310783194869955769e+05 -1.334423707141136947e+04 9.999999999724546740e+01 7.468129171672959643e+00
-8.248828838285558159e+05 -1.339801820266671712e+04 9.999999999826692942e+01 7.468128639688867310e+00
-8.187004908034818945e+05 -1.345179933392206658e+04 1.000000000004917240e+02 7.468128092662112749e+00
-8.125311410965775140e+05 -1.350558046517741423e+04 1.000000000017799096e+02 7.468127560739364235e+00
-8.063748349600230576e+05 -1.355936159643276551e+04 9.999999999979068832e+01 7.468126979805300714e+00
-8.002315712213581428e+05 -1.361314272768811315e+04 9.999999999994838618e+01 7.468126437907263160e+00
-7.941013507191749522e+05 -1.366692385894346080e+04 1.000000000005532002e+02 7.468125861975807744e+00
-7.879841730826734565e+05 -1.372070499019881026e+04 1.000000000038557459e+02 7.468125315223785421e+00
-7.818800391575100366e+05 -1.377448612145415791e+04 9.999999999791891980e+01 7.468124700305288854e+00
-7.757889471928667044e+05 -1.382826725270950737e+04 1.000000000009912640e+02 7.468124179991236566e+00
-7.697108986969842808e+05 -1.388204838396485684e+04 1.000000000002541327e+02 7.468123599857690920e+00
-7.636458935596643714e+05 -1.393582951522020448e+04 9.999999999934237849e+01 7.468123009884488184e+00
-7.575939302789405920e+05 -1.398961064647555213e+04 9.999999999782130544e+01 7.468122493527605599e+00
-7.515550112270028330e+05 -1.404339177773090341e+04 9.999999999986479793e+01 7.468121884620956941e+00
-7.455291352357630385e+05 -1.409717290898625106e+04 9.999999999877850598e+01 7.468121285952147304e+00
-7.395163014310447033e+05 -1.415095404024160052e+04 1.000000000018753212e+02 7.468120715977910606e+00
-7.335165112871873425e+05 -1.420473517149694817e+04 1.000000000011993961e+02 7.468120121042860049e+00
-7.275297638526767259e+05 -1.425851630275229763e+04 9.999999999989249488e+01 7.468119546820267018e+00
-7.215560596201332519e+05 -1.431229743400764710e+04 1.000000000006136673e+02 7.468118951045221721e+00
-7.155953982004080899e+05 -1.436607856526299474e+04 9.999999999981501730e+01 7.468118363732939358e+00
-7.096477797959892778e+05 -1.441985969651834239e+04 9.999999999984288479e+01 7.468117773590586594e+00
-7.037132045114968205e+05 -1.447364082777369367e+04 1.000000000023003821e+02 7.468117173751933180e+00
-6.977916724884238793e+05 -1.452742195902904132e+04 1.000000000002566338e+02 7.468116557951395507e+00
-6.918831830839820905e+05 -1.458120309028438896e+04 1.000000000003424390e+02 7.468115963362160770e+00
-6.859877368673520396e+05 -1.463498422153973843e+04 1.000000000000757723e+02 7.468115365823512874e+00
-6.801053334462539060e+05 -1.468876535279508607e+04 1.000000000010239489e+02 7.468114755453807874e+00
-6.742359734400194138e+05 -1.474254648405043736e+04 1.000000000001230660e+02 7.468114137383490281e+00
-6.683796565452367067e+05 -1.479632761530578500e+04 1.000000000008441816e+02 7.468113522137787008e+00
-6.625363821066187229e+05 -1.485010874656113265e+04 1.000000000003113172e+02 7.468112907829872249e+00
-6.567061513176425360e+05 -1.490388987781648211e+04 9.999999999873307388e+01 7.468112281365865357e+00
-6.508889628930652980e+05 -1.495767100907183158e+04 1.000000000001745093e+02 7.468111674163524505e+00
-6.450848181245722808e+05 -1.501145214032717922e+04 1.000000000017824817e+02 7.468111026925768670e+00
-6.392937157977584284e+05 -1.506523327158252869e+04 1.000000000000588898e+02 7.468110409034641073e+00
-6.335156567051326856e+05 -1.511901440283787633e+04 9.999999999897703162e+01 7.468109785094238617e+00
-6.277506414193122182e+05 -1.517279553409322580e+04 9.999999999116437266e+01 7.468109116760703436e+00
-6.219986676288057351e+05 -1.522657666534857526e+04 9.999999999870725276e+01 7.468108512376960384e+00
-6.162597377248711418e+05 -1.528035779660392291e+04 9.999999999951636198e+01 7.468107868136208083e+00
-6.105338508893346880e+05 -1.533413892785927237e+04 1.000000000013315429e+02 7.468107214786241066e+00
-6.048210070569593227e+05 -1.538792005911462184e+04 9.999999999768817815e+01 7.468106569268922357e+00
-5.991212057642070577e+05 -1.544170119036996948e+04 9.999999999962628294e+01 7.468105932984498985e+00
-5.934344481695286231e+05 -1.549548232162531895e+04 9.999999999727918976e+01 7.468105269665877621e+00
-5.877607332465527579e+05 -1.554926345288066659e+04 1.000000000027232119e+02 7.468104605991220168e+00
-5.821000612543763127e+05 -1.560304458413601424e+04 9.999999999829117314e+01 7.468103961318081296e+00
-5.764524325606735656e+05 -1.565682571539136552e+04 9.999999999583933175e+01 7.468103285857961460e+00
-5.708178463021542411e+05 -1.571060684664671317e+04 9.999999999779166160e+01 7.468102647943523742e+00
-5.651963035100738052e+05 -1.576438797790206081e+04 9.999999999965595521e+01 7.468101975161191675e+00
-5.595878036854453385e+05 -1.581816910915741028e+04 1.000000000000429168e+02 7.468101311348696925e+00
-5.539923467431104509e+05 -1.587195024041275974e+04 9.999999999953472241e+01 7.468100642290166569e+00
-5.484099333025397500e+05 -1.592573137166810920e+04 1.000000000007246115e+02 7.468099947364109426e+00
-5.428405624053983483e+05 -1.597951250292345685e+04 9.999999999957924501e+01 7.468099262695250928e+00
-5.372842346885083243e+05 -1.603329363417880450e+04 1.000000000004414744e+02 7.468098586235515590e+00
-5.317409500648633111e+05 -1.608707476543415578e+04 1.000000000000043343e+02 7.468097891630062435e+00
-5.262107078660352854e+05 -1.614085589668950342e+04 1.000000000106466729e+02 7.468097214766647340e+00
-5.206935096551958122e+05 -1.619463702794485107e+04 9.999999999880706980e+01 7.468096513437486372e+00
-5.151893540890873992e+05 -1.624841815920020053e+04 1.000000000007548522e+02 7.468095806033103301e+00
-5.096982412286878098e+05 -1.630219929045555000e+04 1.000000000006860148e+02 7.468095110773215417e+00
-5.042201715899120900e+05 -1.635598042171089764e+04 9.999999999887447188e+01 7.468094424397462738e+00
-4.987551453667884343e+05 -1.640976155296624711e+04 9.999999999785916316e+01 7.468093687551157878e+00
-4.933031615655786591e+05 -1.646354268422159657e+04 9.999999999985769250e+01 7.468092990612184678e+00
-4.878642209867123165e+05 -1.651732381547694604e+04 1.000000000004625491e+02 7.468092275892550980e+00
-4.824383231974027003e+05 -1.657110494673229186e+04 9.999999999994929567e+01 7.468091576560393463e+00
-4.770254687522283057e+05 -1.662488607798764133e+04 1.000000000003651763e+02 7.468090848407081594e+00
-4.716256573758193990e+05 -1.667866720924299079e+04 1.000000000008909211e+02 7.468090112430901151e+00
-4.662388884348078864e+05 -1.673244834049834026e+04 1.000000000011799699e+02 7.468089411080798712e+00
-4.608651632360990625e+05 -1.678622947175368972e+04 9.999999999937092809e+01 7.468088663389703008e+00
-4.555044807578425971e+05 -1.684001060300903919e+04 9.999999999972364151e+01 7.468087926655861075e+00
-4.501568413134368020e+05 -1.689379173426438865e+04 1.000000000016275976e+02 7.468087194489291925e+00
-4.448222448668010184e+05 -1.694757286551973448e+04 9.999999999964410335e+01 7.468086455138810642e+00
-4.395006914255356533e+05 -1.700135399677508394e+04 1.000000000018787745e+02 7.468085699676844769e+00
-4.341921809687674977e+05 -1.705513512803043341e+04 1.000000000000654978e+02 7.468084963711284274e+00
-4.288967138290994917e+05 -1.710891625928578287e+04 9.999999999884474278e+01 7.468084185815397014e+00
-4.236142891846101847e+05 -1.716269739054113234e+04 1.000000000003813909e+02 7.468083452006205825e+00
-4.183449077474292135e+05 -1.721647852179647816e+04 1.000000000008808030e+02 7.468082703301665681e+00
-4.130885696908937534e+05 -1.727025965305182763e+04 1.000000000006019150e+02 7.468081911946590878e+00
-4.078452743030026904e+05 -1.732404078430717709e+04 9.999999999980516918e+01 7.468081151790264549e+00
-4.026150218766733888e+05 -1.737782191556252656e+04 1.000000000011133494e+02 7.468080390643172528e+00
-3.973978126687165932e+05 -1.743160304681787602e+04 1.000000000003114025e+02 7.468079599186281392e+00
-3.921936463409837452e+05 -1.748538417807322185e+04 1.000000000005172183e+02 7.468078832378833631e+00
-3.870025235175754642e+05 -1.753916530932857131e+04 1.000000000037476724e+02 7.468078014323192626e+00
-3.818244430548885139e+05 -1.759294644058392078e+04 1.000000000025904967e+02 7.468077238817505403e+00
-3.766594059952504467e+05 -1.764672757183927024e+04 9.999999999961889330e+01 7.468076445485301917e+00
-3.715074115982478834e+05 -1.770050870309461970e+04 1.000000000006663043e+02 7.468075663136616527e+00
-3.663684606845655944e+05 -1.775428983434996553e+04 9.999999999851125665e+01 7.468074847293804552e+00
-3.612425524138552719e+05 -1.780807096560531500e+04 9.999999999852506960e+01 7.468074054395644090e+00
-3.561296874505397282e+05 -1.786185209686066446e+04 9.999999999949483254e+01 7.468073236301238538e+00
-3.510298651545660105e+05 -1.791563322811601029e+04 9.999999999995239364e+01 7.468072435519529151e+00
-3.459430861956309527e+05 -1.796941435937136339e+04 1.000000000004424692e+02 7.468071605664438728e+00
-3.408693502166384133e+05 -1.802319549062671285e+04 1.000000000000332818e+02 7.468070770664357205e+00
-3.358086571334422333e+05 -1.807697662188205868e+04 1.000000000004346532e+02 7.468069955484555322e+00
-3.307610071311164065e+05 -1.813075775313740814e+04 1.000000000000387104e+02 7.468069121855259063e+00
-3.257264000413269387e+05 -1.818453888439275397e+04 1.000000000002017231e+02 7.468068297765997343e+00
-3.207048359950975282e+05 -1.823832001564810707e+04 1.000000000000641194e+02 7.468067459560292498e+00
-3.156963149905386963e+05 -1.829210114690345654e+04 9.999999999993384847e+01 7.468066615792017693e+00
-3.107008369431989850e+05 -1.834588227815880236e+04 9.999999999938096096e+01 7.468065779551543493e+00
-3.057184022548088687e+05 -1.839966340941415183e+04 1.000000000003012843e+02 7.468064910794977251e+00
-3.007490101188780973e+05 -1.845344454066949766e+04 1.000000000027522589e+02 7.468064060129520065e+00
-2.957926614268129342e+05 -1.850722567192484712e+04 9.999999999890128777e+01 7.468063181089209301e+00
-2.908493555336918798e+05 -1.856100680318020022e+04 1.000000000005845351e+02 7.468062323010280501e+00
-2.859190925191864371e+05 -1.861478793443554605e+04 1.000000000006588863e+02 7.468061466995507658e+00
-2.810018726895489963e+05 -1.866856906569089551e+04 9.999999999981406518e+01 7.468060584303040983e+00
-2.760976959157495876e+05 -1.872235019694624498e+04 9.999999999941979922e+01 7.468059708444960698e+00
-2.712065620102540124e+05 -1.877613132820159080e+04 1.000000000000346887e+02 7.468058822928589358e+00
-2.663284711651385878e+05 -1.882991245945694391e+04 1.000000000001995062e+02 7.468057940693581642e+00
-2.614634236455695936e+05 -1.888369359071228973e+04 9.999999999866430755e+01 7.468057030390250262e+00
-2.566114188896507840e+05 -1.893747472196763920e+04 9.999999999804555273e+01 7.468056123012148717e+00
-2.517724569692025252e+05 -1.899125585322298866e+04 9.999999999949908158e+01 7.468055246737347552e+00
-2.469465383001091250e+05 -1.904503698447833449e+04 9.999999999969416820e+01 7.468054315690744183e+00
-2.421336626326013939e+05 -1.909881811573368395e+04 1.000000000010113013e+02 7.468053400650974005e+00
-2.373338301104222774e+05 -1.915259924698903706e+04 9.999999999620874291e+01 7.468052474081475545e+00
-2.325470403639727447e+05 -1.920638037824438288e+04 9.999999999966463804e+01 7.468051555155942545e+00
-2.277732937076232629e+05 -1.926016150949973235e+04 1.000000000023825919e+02 7.468050626423272220e+00
-2.230125901584272215e+05 -1.931394264075507817e+04 9.999999999803773676e+01 7.468049688471897873e+00
-2.182649294152698130e+05 -1.936772377201042764e+04 1.000000000000078870e+02 7.468048760284934140e+00
-2.135303118296041503e+05 -1.942150490326578074e+04 1.000000000011902159e+02 7.468047811986864737e+00
-2.088087371041023289e+05 -1.947528603452112657e+04 9.999999999903860726e+01 7.468046876994616667e+00
-2.041002056961951603e+05 -1.952906716577647603e+04 1.000000000011691554e+02 7.468045903368424554e+00
-1.994047171651586250e+05 -1.958284829703182186e+04 9.999999999992006394e+01 7.468044938587566683e+00
-1.947222717229308619e+05 -1.963662942828717132e+04 1.000000000004785790e+02 7.468043967167347752e+00
-1.900528690426326066e+05 -1.969041055954252079e+04 9.999999999961652009e+01 7.468043011389847052e+00
-1.853965096256857505e+05 -1.974419169079787025e+04 9.999999999921446658e+01 7.468042021848708245e+00
-1.807531930876940896e+05 -1.979797282205321972e+04 9.999999999911599957e+01 7.468041059383454083e+00
-1.761229198692519858e+05 -1.985175395330856918e+04 9.999999999861506694e+01 7.468040042447155358e+00
-1.715056893251505098e+05 -1.990553508456391501e+04 9.999999999997264410e+01 7.468039054670542853e+00
-1.669015020663798205e+05 -1.995931621581926447e+04 9.999999999799007355e+01 7.468038046907810923e+00
-1.623103573779063881e+05 -2.001309734707461394e+04 9.999999999982539123e+01 7.468037059307276238e+00
-1.577322561450015637e+05 -2.006687847832996340e+04 9.999999999853704935e+01 7.468036049906929819e+00
-1.531671977871484705e+05 -2.012065960958531286e+04 1.000000000002559375e+02 7.468035016786728875e+00
-1.486151824376152654e+05 -2.017444074084065869e+04 1.000000000000676721e+02 7.468033998559389097e+00
-1.440762101450584887e+05 -2.022822187209600816e+04 9.999999999982195220e+01 7.468032958232202034e+00
-1.395502809099440929e+05 -2.028200300335135398e+04 1.000000000012081927e+02 7.468031922080736962e+00
-1.350373944770107046e+05 -2.033578413460670708e+04 9.999999999939377915e+01 7.468030898815650076e+00
-1.305375511856147641e+05 -2.038956526586205655e+04 1.000000000011101378e+02 7.468029854487611807e+00
-1.260507510969977302e+05 -2.044334639711740238e+04 1.000000000006359784e+02 7.468028774755810062e+00
-1.215769937763249036e+05 -2.049712752837275184e+04 1.000000000002384581e+02 7.468027727280813544e+00
-1.171162796470791800e+05 -2.055090865962810130e+04 1.000000000005277059e+02 7.468026652046338754e+00
-1.126686083496007050e+05 -2.060468979088345077e+04 9.999999999923143434e+01 7.468025598498368112e+00
-1.082339801884211774e+05 -2.065847092213880023e+04 1.000000000025393376e+02 7.468024509738675931e+00
-1.038123951802383817e+05 -2.071225205339414606e+04 9.999999999971144860e+01 7.468023416513379864e+00
-9.940385298517417687e+04 -2.076603318464949552e+04 9.999999999986415844e+01 7.468022324047399962e+00
-9.500835401297821954e+04 -2.081981431590484499e+04 9.999999999922995642e+01 7.468021208195365190e+00
-9.062589773641055217e+04 -2.087359544716019082e+04 1.000000000011020376e+02 7.468020116868625102e+00
-8.625648471702793904e+04 -2.092737657841554392e+04 9.999999999909103110e+01 7.468019006300382401e+00
-8.190011463410613942e+04 -2.098115770967089338e+04 9.999999999882524548e+01 7.468017884790389971e+00
-7.755678767273949052e+04 -2.103493884092623921e+04 1.000000000004528999e+02 7.468016751687709842e+00
-7.322650331768926117e+04 -2.108871997218158867e+04 9.999999999831268838e+01 7.468015647909830967e+00
-6.890926239345665090e+04 -2.114250110343693450e+04 1.000000000004401528e+02 7.468014512415177109e+00
-6.460506464468340710e+04 -2.119628223469228760e+04 9.999999999979397103e+01 7.468013330213473466e+00
-6.031390980028022022e+04 -2.125006336594763707e+04 9.999999999377739357e+01 7.468012170191699717e+00
-5.603579773209312407e+04 -2.130384449720298289e+04 1.000000000003310845e+02 7.468011021423685669e+00
-5.177072868892887345e+04 -2.135762562845833236e+04 1.000000000000585061e+02 7.468009853037454349e+00
-4.751870279266658326e+04 -2.141140675971367818e+04 9.999999999892199298e+01 7.468008677829756969e+00
-4.327971990904507402e+04 -2.146518789096902765e+04 9.999999999883172563e+01 7.468007496201753526e+00
-3.905378000469761901e+04 -2.151896902222438075e+04 1.000000000010784760e+02 7.468006301306792771e+00
-3.484088329140586575e+04 -2.157275015347972658e+04 9.999999999840366627e+01 7.468005097500721945e+00
-3.064102934125135653e+04 -2.162653128473507604e+04 1.000000000005542660e+02 7.468003895415393778e+00
-2.645421856906104586e+04 -2.168031241599042551e+04 9.999999999997474731e+01 7.468002680414969063e+00
-2.228045064387054663e+04 -2.173409354724577133e+04 1.000000000002031300e+02 7.468001472700406040e+00
-1.811972607091981990e+04 -2.178787467850112444e+04 1.000000000003377494e+02 7.468000214277522808e+00
-1.397204428048937916e+04 -2.184165580975647026e+04 1.000000000001255103e+02 7.467998982632872540e+00
-9.837405447347444351e+03 -2.189543694101181973e+04 9.999999999968932229e+01 7.467997750940844170e+00
-5.715809704044916543e+03 -2.194921807226716919e+04 1.000000000004130669e+02 7.467996496214726498e+00
-1.607257021877039051e+03 -2.200299920352251502e+04 1.000000000007029399e+02 7.467995232235647762e+00
2.488252737471565524e+03 -2.205678033477786448e+04 1.000000000013892389e+02 7.467993969686156142e+00
6.570719362131904745e+03 -2.211056146603321395e+04 9.999999999983705834e+01 7.467992688034867044e+00
1.064014299275829762e+04 -2.216434259728856341e+04 9.999999999951418772e+01 7.467991393327062966e+00
1.469652364561287504e+04 -2.221812372854391288e+04 9.999999999959689490e+01 7.467990104361434511e+00
1.873986123576141108e+04 -2.227190485979925870e+04 9.999999999894197344e+01 7.467988792958990985e+00
2.277015595845128701e+04 -2.232568599105460817e+04 9.999999999973096010e+01 7.467987500774135867e+00
2.678740740106117300e+04 -2.237946712230996127e+04 9.999999999978781773e+01 7.467986169350424142e+00
3.079161596734162958e+04 -2.243324825356530710e+04 9.999999999694720998e+01 7.467984839371522021e+00
3.478278169271741353e+04 -2.248702938482065656e+04 1.000000000005498322e+02 7.467983514451358218e+00
3.876090410176035948e+04 -2.254081051607600239e+04 1.000000000000745359e+02 7.467982161108071892e+00
4.272598371246374154e+04 -2.259459164733135185e+04 9.999999999986746957e+01 7.467980807859788683e+00
4.667802015704506630e+04 -2.264837277858670132e+04 1.000000000009340084e+02 7.467979437803002440e+00
5.061701357582062337e+04 -2.270215390984205078e+04 1.000000000000821530e+02 7.467978060732042067e+00
5.454296401542299282e+04 -2.275593504109740024e+04 1.000000000003820304e+02 7.467976673826231426e+00
5.845587154135769379e+04 -2.280971617235274971e+04 1.000000000013465922e+02 7.467975293258891867e+00
6.235573589804298535e+04 -2.286349730360809554e+04 1.000000000002210072e+02 7.467973879390111591e+00
6.624255733913774020e+04 -2.291727843486344500e+04 1.000000000012273347e+02 7.467972475560205936e+00
7.011633577371190768e+04 -2.297105956611879446e+04 1.000000000003018954e+02 7.467971056033078092e+00
7.397707103711248783e+04 -2.302484069737414393e+04 1.000000000005463363e+02 7.467969611712460321e+00
7.782476338576662238e+04 -2.307862182862949339e+04 9.999999999897670477e+01 7.467968174991534980e+00
8.165941273006323900e+04 -2.313240295988483922e+04 1.000000000005740048e+02 7.467966722280690917e+00
8.548101904836522590e+04 -2.318618409114018868e+04 9.999999999983452881e+01 7.467965262224550038e+00
8.928958236262164428e+04 -2.323996522239553451e+04 1.000000000002094112e+02 7.467963793734232247e+00
9.308510252796330315e+04 -2.329374635365088761e+04 9.999999999963434050e+01 7.467962301269877479e+00
9.686757979772734689e+04 -2.334752748490623708e+04 9.999999999997935163e+01 7.467960808287904761e+00
1.006370141263766127e+05 -2.340130861616158290e+04 1.000000000005104681e+02 7.467959315967573453e+00
1.043934053284060356e+05 -2.345508974741693237e+04 1.000000000023821940e+02 7.467957801138298102e+00
1.081367535825534142e+05 -2.350887087867228183e+04 9.999999999893209690e+01 7.467956284357593510e+00
1.118670587184604956e+05 -2.356265200992763130e+04 9.999999999992812150e+01 7.467954743075105206e+00
1.155843208620907681e+05 -2.361643314118298076e+04 1.000000000003224869e+02 7.467953190827908649e+00
1.192885399414650310e+05 -2.367021427243832659e+04 9.999999999938550843e+01 7.467951621551115693e+00
1.229797162447206356e+05 -2.372399540369367605e+04 1.000000000017671056e+02 7.467950077874383474e+00
1.266578492054810049e+05 -2.377777653494902552e+04 1.000000000000728022e+02 7.467948480546796830e+00
1.303229393614338333e+05 -2.383155766620437134e+04 1.000000000008856773e+02 7.467946893849865653e+00
1.339749864717488526e+05 -2.388533879745972445e+04 1.000000000000429026e+02 7.467945299739289666e+00
1.376139905269630253e+05 -2.393911992871507027e+04 1.000000000017669493e+02 7.467943682136214179e+00
1.412399515219708555e+05 -2.399290105997041974e+04 9.999999999839758402e+01 7.467942048023496149e+00
1.448528695006767521e+05 -2.404668219122576920e+04 1.000000000002304148e+02 7.467940404793487197e+00
1.484527445675328781e+05 -2.410046332248111503e+04 1.000000000000079723e+02 7.467938762067768188e+00
1.520395765861178224e+05 -2.415424445373646813e+04 9.999999999322857036e+01 7.467937111765232672e+00
1.556133654935233644e+05 -2.420802558499181760e+04 1.000000000005184262e+02 7.467935421280481378e+00
1.591741114336488245e+05 -2.426180671624716342e+04 9.999999999929667638e+01 7.467933729519502073e+00
1.627218142984902661e+05 -2.431558784750251289e+04 1.000000000001882512e+02 7.467932027459913691e+00
1.662564741743138293e+05 -2.436936897875785871e+04 9.999999999999229772e+01 7.467930306901128468e+00
1.697780910137685714e+05 -2.442315011001320818e+04 1.000000000026970781e+02 7.467928572609986659e+00
1.732866649836585566e+05 -2.447693124126856128e+04 9.999999999964315123e+01 7.467926847707155424e+00
1.767821958057941520e+05 -2.453071237252390711e+04 9.999999999737713097e+01 7.467925094237452655e+00
1.802646837521511770e+05 -2.458449350377925657e+04 1.000000000005025953e+02 7.467923336162329839e+00
1.837341284995574679e+05 -2.463827463503460604e+04 9.999999999976085974e+01 7.467921545162745645e+00
1.871905302680446766e+05 -2.469205576628995186e+04 1.000000000003810356e+02 7.467919749591917622e+00
1.906338890622101317e+05 -2.474583689754530496e+04 1.000000000004847323e+02 7.467917942890809790e+00
1.940642048253141984e+05 -2.479961802880065079e+04 9.999999999897815428e+01 7.467916122561414127e+00
1.974814776303091785e+05 -2.485339916005600026e+04 9.999999999959204899e+01 7.467914292536058873e+00
2.008857072482283111e+05 -2.490718029131134972e+04 9.999999999871204182e+01 7.467912431752095515e+00
2.042768940382589935e+05 -2.496096142256669555e+04 9.999999999896979830e+01 7.467910574729714313e+00
2.076550378063545795e+05 -2.501474255382204501e+04 1.000000000030644856e+02 7.467908705753293575e+00
2.110201384203615016e+05 -2.506852368507739448e+04 1.000000000024980977e+02 7.467906803590365072e+00
2.143721959407784743e+05 -2.512230481633274394e+04 1.000000000005861978e+02 7.467904879565975484e+00
2.177112106733276160e+05 -2.517608594758809340e+04 9.999999999981885423e+01 7.467902960203582907e+00
2.210371822688464890e+05 -2.522986707884343923e+04 1.000000000000660805e+02 7.467901023684154538e+00
2.243501108163025347e+05 -2.528364821009878870e+04 9.999999999876003187e+01 7.467899062870753113e+00
2.276499964552871825e+05 -2.533742934135414180e+04 9.999999999984045473e+01 7.467897095897026105e+00
2.309368390285774658e+05 -2.539121047260948762e+04 1.000000000007700294e+02 7.467895101196047491e+00
2.342106385256061330e+05 -2.544499160386483709e+04 1.000000000003756213e+02 7.467893094280356081e+00
2.374713950494765886e+05 -2.549877273512018292e+04 1.000000000005584582e+02 7.467891076589329380e+00
2.407191085001917672e+05 -2.555255386637553238e+04 1.000000000017823538e+02 7.467889031347064943e+00
2.439537789991861500e+05 -2.560633499763088184e+04 1.000000000017167281e+02 7.467886971117261297e+00
2.471754064836404577e+05 -2.566011612888623131e+04 1.000000000031193252e+02 7.467884902998465080e+00
2.503839909516430926e+05 -2.571389726014158077e+04 9.999999999936463269e+01 7.467882826626468074e+00
2.535795323591473862e+05 -2.576767839139692660e+04 1.000000000023461837e+02 7.467880709321420341e+00
2.567620308665138436e+05 -2.582145952265227606e+04 9.999999999924342831e+01 7.467878604369220241e+00
2.599314862314798520e+05 -2.587524065390762553e+04 1.000000000017898714e+02 7.467876458984032517e+00
2.630878985973163508e+05 -2.592902178516297499e+04 1.000000000000207336e+02 7.467874300640353624e+00
2.662312679533916526e+05 -2.598280291641832446e+04 9.999999999973853448e+01 7.467872115133014965e+00
2.693615943131880485e+05 -2.603658404767367392e+04 1.000000000018848851e+02 7.467869921813343304e+00
2.724788776204037131e+05 -2.609036517892901975e+04 1.000000000006869669e+02 7.467867705419231505e+00
2.755831178501492250e+05 -2.614414631018436921e+04 1.000000000002334701e+02 7.467865458528539335e+00
2.786743151892104652e+05 -2.619792744143971504e+04 9.999999999786980709e+01 7.467863213350023344e+00
2.817524693234464503e+05 -2.625170857269506814e+04 9.999999999329661193e+01 7.467860924784362808e+00
2.848175806545123341e+05 -2.630548970395041761e+04 1.000000000004899903e+02 7.467858636084805823e+00
2.878696489254189073e+05 -2.635927083520576343e+04 1.000000000007836292e+02 7.467856333402028923e+00
2.909086741488052066e+05 -2.641305196646111290e+04 1.000000000003030323e+02 7.467853997786128240e+00
2.939346563837307622e+05 -2.646683309771646236e+04 1.000000000014525341e+02 7.467851651264094670e+00
2.969475955047024763e+05 -2.652061422897181183e+04 1.000000000012529995e+02 7.467849267573740235e+00
2.999474916225966299e+05 -2.657439536022716129e+04 1.000000000000049454e+02 7.467846863976869365e+00
3.029343447700858233e+05 -2.662817649148250712e+04 9.999999999959275954e+01 7.467844445420497301e+00
3.059081548216692754e+05 -2.668195762273785658e+04 9.999999999824866848e+01 7.467841998084622901e+00
3.088689221241568448e+05 -2.673573875399320605e+04 1.000000000042888644e+02 7.467839561227147982e+00
3.118166461434107623e+05 -2.678951988524855187e+04 1.000000000015605366e+02 7.467837068887060781e+00
3.147513271911544143e+05 -2.684330101650390498e+04 1.000000000019556268e+02 7.467834558138505940e+00
3.176729652339938912e+05 -2.689708214775925080e+04 9.999999999993256949e+01 7.467832029766416468e+00
3.205815602801811765e+05 -2.695086327901460027e+04 1.000000000002583675e+02 7.467829479653715019e+00
3.234771122851530090e+05 -2.700464441026994973e+04 9.999999999812966678e+01 7.467826901555236319e+00
3.263596212868035072e+05 -2.705842554152529556e+04 1.000000000003224869e+02 7.467824298801786220e+00
3.292290873085152707e+05 -2.711220667278064866e+04 1.000000000005860272e+02 7.467821683175012382e+00
3.320855102666976745e+05 -2.716598780403599812e+04 1.000000000008963070e+02 7.467819033139777574e+00
3.349288899964868324e+05 -2.721976893529134395e+04 9.999999999055592070e+01 7.467816330687070625e+00
3.377592270495531266e+05 -2.727355006654669342e+04 1.000000000001620606e+02 7.467813647167562685e+00
3.405765209699072875e+05 -2.732733119780203924e+04 1.000000000004022240e+02 7.467810919395491354e+00
3.433807718081634957e+05 -2.738111232905738871e+04 1.000000000005734222e+02 7.467808160967344122e+00
3.461719797315682517e+05 -2.743489346031274181e+04 9.999999999977275422e+01 7.467805393746430376e+00
3.489501445335480385e+05 -2.748867459156808764e+04 9.999999999917535831e+01 7.467802579568249222e+00
3.517152664294636343e+05 -2.754245572282343710e+04 9.999999999844648357e+01 7.467799762680080278e+00
3.544673451635983656e+05 -2.759623685407878293e+04 9.999999999916454385e+01 7.467796887838374253e+00
3.572063809730642242e+05 -2.765001798533413239e+04 1.000000000009538184e+02 7.467794000763324114e+00
3.599323738177711493e+05 -2.770379911658948549e+04 1.000000000027747689e+02 7.467791096046255461e+00
3.626453235178896575e+05 -2.775758024784483132e+04 1.000000000006284893e+02 7.467788140923553364e+00
3.653452302510343143e+05 -2.781136137910018078e+04 1.000000000008133298e+02 7.467785166012561149e+00
3.680320939328273525e+05 -2.786514251035553025e+04 1.000000000008828351e+02 7.467782153053851957e+00
3.707059147070063627e+05 -2.791892364161087607e+04 9.999999999816608920e+01 7.467779136711688359e+00
3.733666923020141548e+05 -2.797270477286622554e+04 9.999999999985001864e+01 7.467776050364451024e+00
3.760144270003749989e+05 -2.802648590412157500e+04 9.999999999929218575e+01 7.467772961260892295e+00
3.786491186656948994e+05 -2.808026703537692447e+04 1.000000000002218172e+02 7.467769837205567640e+00
3.812707672598425415e+05 -2.813404816663227393e+04 1.000000000005678658e+02 7.467766667564686323e+00
3.838793728932016529e+05 -2.818782929788761976e+04 9.999999999989985611e+01 7.467763483067447083e+00
3.864749354687395971e+05 -2.824161042914296922e+04 1.000000000000576250e+02 7.467760253042412089e+00
3.890574550800622092e+05 -2.829539156039832233e+04 9.999999999943425166e+01 7.467757003024464879e+00
3.916269315828434774e+05 -2.834917269165366815e+04 9.999999999967415931e+01 7.467753697309177596e+00
3.941833651386490092e+05 -2.840295382290901762e+04 1.000000000000848956e+02 7.467750374696642268e+00
3.967267556268523331e+05 -2.845673495416436344e+04 9.999999999938866324e+01 7.467747003917224013e+00
3.992571031952967751e+05 -2.851051608541971291e+04 9.999999999965704944e+01 7.467743623139667442e+00
4.017744076390330447e+05 -2.856429721667506237e+04 1.000000000006493224e+02 7.467740176445048839e+00
4.042786690912990598e+05 -2.861807834793041184e+04 9.999999999960918728e+01 7.467736700679692419e+00
4.067698875288332347e+05 -2.867185947918576130e+04 1.000000000000958948e+02 7.467733188983259218e+00
4.092480629851333797e+05 -2.872564061044110713e+04 1.000000000005584866e+02 7.467729648751411986e+00
4.117131953824843513e+05 -2.877942174169645659e+04 9.999999999884515489e+01 7.467726059993215593e+00
4.141652847531492007e+05 -2.883320287295180606e+04 9.999999999959698016e+01 7.467722427832535814e+00
4.166043311150196823e+05 -2.888698400420715552e+04 1.000000000006894396e+02 7.467718757681021557e+00
4.190303344795517041e+05 -2.894076513546250499e+04 1.000000000010768275e+02 7.467715054489824311e+00
4.214432947810483747e+05 -2.899454626671785445e+04 1.000000000030008067e+02 7.467711295465164767e+00
4.238432121391706751e+05 -2.904832739797320028e+04 1.000000000003055902e+02 7.467707519596257448e+00
4.262300864526306395e+05 -2.910210852922854974e+04 1.000000000005287717e+02 7.467703687468186580e+00
4.286039177298682625e+05 -2.915588966048389557e+04 9.999999999962494712e+01 7.467699813129344832e+00
4.309647059372769436e+05 -2.920967079173924867e+04 1.000000000006100862e+02 7.467695874215757534e+00
4.333124512192061520e+05 -2.926345192299459814e+04 1.000000000000449631e+02 7.467691919915927734e+00
4.356471534517139080e+05 -2.931723305424994396e+04 1.000000000005707790e+02 7.467687909000978230e+00
4.379688126240116544e+05 -2.937101418550529343e+04 1.000000000003115588e+02 7.467683842320679943e+00
4.402774288188462961e+05 -2.942479531676063925e+04 1.000000000007222525e+02 7.467679736287728964e+00
4.425730019565718248e+05 -2.947857644801599236e+04 1.000000000019962698e+02 7.467675572146650786e+00
4.448555321276378818e+05 -2.953235757927134182e+04 1.000000000005193925e+02 7.467671375793977440e+00
4.471250193018121063e+05 -2.958613871052668765e+04 9.999999999706334108e+01 7.467667136034680908e+00
4.493814633927309769e+05 -2.963991984178203711e+04 1.000000000003135625e+02 7.467662822080577634e+00
4.516248645141702727e+05 -2.969370097303738658e+04 9.999999999948055063e+01 7.467658475930028850e+00
4.538552226034356281e+05 -2.974748210429273240e+04 1.000000000006229044e+02 7.467654068866369066e+00
4.560725376139281434e+05 -2.980126323554808550e+04 1.000000000005469047e+02 7.467649589653539088e+00
4.582768096569262561e+05 -2.985504436680343133e+04 9.999999999994365396e+01 7.467645072658051220e+00
4.604680386832885561e+05 -2.990882549805878079e+04 9.999999999951820939e+01 7.467640498838227003e+00
4.626462246795508545e+05 -2.996260662931413026e+04 9.999999999977798382e+01 7.467635867471934752e+00
4.648113676905495813e+05 -3.001638776056947609e+04 9.999999999937935513e+01 7.467631186346691763e+00
4.669634676329960348e+05 -3.007016889182482919e+04 1.000000000005759944e+02 7.467626431212329052e+00
4.691025246038065525e+05 -3.012395002308017865e+04 9.999999999953776353e+01 7.467621630625134621e+00
4.712285385219711461e+05 -3.017773115433552448e+04 1.000000000000677005e+02 7.467616756690532043e+00
4.733415094553152448e+05 -3.023151228559087394e+04 9.999999999842015086e+01 7.467611835174881918e+00
4.754414373298345017e+05 -3.028529341684621977e+04 9.999999999985639931e+01 7.467606832931130256e+00
4.775283222567097982e+05 -3.033907454810156923e+04 1.000000000041688537e+02 7.467601787051900253e+00
4.796021640633914503e+05 -3.039285567935692234e+04 1.000000000004861391e+02 7.467596646008867189e+00
4.816629629024241585e+05 -3.044663681061226816e+04 9.999999999958649255e+01 7.467591454431016906e+00
4.837107187238780898e+05 -3.050041794186761763e+04 1.000000000000488853e+02 7.467586192672463596e+00
4.857454315465579275e+05 -3.055419907312296345e+04 1.000000000004915535e+02 7.467580865964761117e+00
4.877671013133209781e+05 -3.060798020437831292e+04 1.000000000005524186e+02 7.467575457396056215e+00
4.897757280884059728e+05 -3.066176133563366602e+04 1.000000000001848690e+02 7.467569984130162375e+00
4.917713118255386944e+05 -3.071554246688901185e+04 9.999999999964653341e+01 7.467564430014187238e+00
4.937538525771551649e+05 -3.076932359814436131e+04 9.999999999978024334e+01 7.467558811919889905e+00
4.957233502825811738e+05 -3.082310472939971078e+04 9.999999999978254550e+01 7.467553105742695152e+00
4.976798049995605252e+05 -3.087688586065505660e+04 9.999999999686329488e+01 7.467547333663504538e+00
4.996232166589609697e+05 -3.093066699191040607e+04 9.999999999982219379e+01 7.467541461260783109e+00
5.015535853163740830e+05 -3.098444812316575553e+04 9.999999999970253839e+01 7.467535514676369779e+00
5.034709109593683970e+05 -3.103822925442110500e+04 1.000000000005368435e+02 7.467529484606667545e+00
5.053751935656972928e+05 -3.109201038567645446e+04 1.000000000008306245e+02 7.467523361069605237e+00
5.072664331846060813e+05 -3.114579151693180029e+04 9.999999999848927246e+01 7.467517165599386608e+00
5.091446297505419934e+05 -3.119957264818714975e+04 1.000000000000187441e+02 7.467510861809928180e+00
5.110097833227838273e+05 -3.125335377944249922e+04 9.999999999978349763e+01 7.467504477682807007e+00
5.128618938764231279e+05 -3.130713491069784868e+04 1.000000000002571028e+02 7.467497999962456667e+00
5.147009613909656182e+05 -3.136091604195319815e+04 9.999999999985624299e+01 7.467491416516071290e+00
5.165269858978115371e+05 -3.141469717320854397e+04 1.000000000008405436e+02 7.467484739242055802e+00
5.183399673922366928e+05 -3.146847830446389344e+04 9.999999999952605378e+01 7.467477966625555297e+00
5.201399058713616687e+05 -3.152225943571924290e+04 9.999999999927507588e+01 7.467471091720038423e+00
5.219268013310754905e+05 -3.157604056697459237e+04 1.000000000000245990e+02 7.467464111063609522e+00
5.237006537557924166e+05 -3.162982169822994183e+04 9.999999999835242193e+01 7.467457014332566700e+00
5.254614631991856731e+05 -3.168360282948528766e+04 1.000000000054035922e+02 7.467449821103122609e+00
5.272092295899571618e+05 -3.173738396074063712e+04 1.000000000002697078e+02 7.467442508946587232e+00
5.289439529627121519e+05 -3.179116509199598659e+04 1.000000000005545076e+02 7.467435076717547027e+00
5.306656333287919406e+05 -3.184494622325133605e+04 1.000000000003959855e+02 7.467427532280967561e+00
5.323742706736366963e+05 -3.189872735450668551e+04 9.999999999987068122e+01 7.467419865654332689e+00
5.340698650216910755e+05 -3.195250848576203498e+04 1.000000000028661020e+02 7.467412085754804529e+00
5.357524163032158976e+05 -3.200628961701738081e+04 1.000000000003966960e+02 7.467404156541180171e+00
5.374219246162134223e+05 -3.206007074827273027e+04 9.999999999962726349e+01 7.467396124095709631e+00
5.390783898599619279e+05 -3.211385187952807610e+04 9.999999999883114299e+01 7.467387930394156825e+00
5.407218121453720378e+05 -3.216763301078342920e+04 1.000000000016112125e+02 7.467379630815791813e+00
5.423521913842360955e+05 -3.222141414203877866e+04 9.999999999754501800e+01 7.467371182216238523e+00
5.439695276054226561e+05 -3.227519527329412449e+04 1.000000000004136780e+02 7.467362583637365603e+00
5.455738208040304016e+05 -3.232897640454947395e+04 1.000000000020148150e+02 7.467353837569070230e+00
5.471650709565990837e+05 -3.238275753580481978e+04 9.999999999681466534e+01 7.467344929521909869e+00
5.487432781294386368e+05 -3.243653866706017288e+04 9.999999999932198591e+01 7.467335883306621014e+00
5.503084422752404353e+05 -3.249031979831552235e+04 9.999999999988523314e+01 7.467326676213746239e+00
5.518605633948016912e+05 -3.254410092957086817e+04 1.000000000001221423e+02 7.467317300061329988e+00
5.533996415006864117e+05 -3.259788206082621764e+04 1.000000000001289351e+02 7.467307760327436483e+00
5.549256766148018651e+05 -3.265166319208156710e+04 9.999999999788498428e+01 7.467298068094160968e+00
5.564386686740126461e+05 -3.270544432333691293e+04 9.999999999962078334e+01 7.467288172127402035e+00
5.579386177248926833e+05 -3.275922545459226603e+04 1.000000000005227889e+02 7.467278102177683508e+00
5.594255237483417150e+05 -3.281300658584761550e+04 9.999999999862150446e+01 7.467267841324822797e+00
5.608993867780033033e+05 -3.286678771710296132e+04 1.000000000004405507e+02 7.467257403065917565e+00
5.623602067741727224e+05 -3.292056884835830715e+04 9.999999999914240334e+01 7.467246760477811662e+00
5.638079837537015555e+05 -3.297434997961366025e+04 9.999999999952716223e+01 7.467235914254175100e+00
5.652427177106780000e+05 -3.302813111086900608e+04 1.000000000003408189e+02 7.467224857253037307e+00
5.666644086586417397e+05 -3.308191224212435918e+04 1.000000000002841603e+02 7.467213592351725993e+00
5.680730565899740905e+05 -3.313569337337970501e+04 1.000000000005532428e+02 7.467202107751749196e+00
5.694686614818383241e+05 -3.318947450463505083e+04 9.999999999934084371e+01 7.467190381518803655e+00
5.708512233809661120e+05 -3.324325563589040394e+04 1.000000000009804921e+02 7.467178438669588303e+00
5.722207422533482313e+05 -3.329703676714574976e+04 9.999999999885369562e+01 7.467166250664033278e+00
5.735772181072705425e+05 -3.335081789840110287e+04 9.999999999871531031e+01 7.467153812146510639e+00
5.749206509291412076e+05 -3.340459902965644869e+04 9.999999999885685042e+01 7.467141107797186095e+00
5.762510407452137442e+05 -3.345838016091179452e+04 1.000000000003208385e+02 7.467128145783192394e+00
5.775683875507594785e+05 -3.351216129216714762e+04 1.000000000004358611e+02 7.467114920024930491e+00
5.788726913266046904e+05 -3.356594242342250072e+04 1.000000000011514487e+02 7.467101402873651317e+00
5.801639520908822306e+05 -3.361972355467784655e+04 1.000000000001577689e+02 7.467087602251242018e+00
5.814421698231296614e+05 -3.367350468593319238e+04 9.999999999815359786e+01 7.467073489671602893e+00
5.827073445437641349e+05 -3.372728581718853820e+04 9.999999999807526763e+01 7.467059072531782249e+00
5.839594762512542075e+05 -3.378106694844389131e+04 9.999999999971670661e+01 7.467044338279221982e+00
5.851985649474173551e+05 -3.383484807969923713e+04 1.000000000007684520e+02 7.467029281621690551e+00
5.864246106137145543e+05 -3.388862921095458296e+04 9.999999999910112081e+01 7.467013873364547472e+00
5.876376132587371394e+05 -3.394241034220993606e+04 1.000000000001095515e+02 7.466998105898894345e+00
5.888375728884326527e+05 -3.399619147346528189e+04 1.000000000015871819e+02 7.466981974014657908e+00
5.900244895100527210e+05 -3.404997260472062771e+04 1.000000000000640910e+02 7.466965477540626672e+00
5.911983631067655515e+05 -3.410375373597598809e+04 1.000000000017114559e+02 7.466948576946216498e+00
5.923591936882119626e+05 -3.415753486723133392e+04 9.999999999991779021e+01 7.466931278752112711e+00
5.935069812425243435e+05 -3.421131599848667975e+04 9.999999999851127086e+01 7.466913547045572308e+00
5.946417257819568040e+05 -3.426509712974203285e+04 1.000000000003185505e+02 7.466895380542397653e+00
5.957634273174351547e+05 -3.431887826099737867e+04 1.000000000005022400e+02 7.466876778074633236e+00
5.968720858209312428e+05 -3.437265939225272450e+04 9.999999999892602887e+01 7.466857689493068939e+00
5.979677013007388450e+05 -3.442644052350807033e+04 9.999999999944209605e+01 7.466838103516863612e+00
5.990502737763959449e+05 -3.448022165476342343e+04 1.000000000008677290e+02 7.466818028190884249e+00
6.001198032171993982e+05 -3.453400278601876926e+04 9.999999999963861796e+01 7.466797403089254104e+00
6.011762896531500155e+05 -3.458778391727411508e+04 9.999999999932627759e+01 7.466776248475895272e+00
6.022197330675979611e+05 -3.464156504852946819e+04 9.999999999748550294e+01 7.466754519661614964e+00
6.032501334523828700e+05 -3.469534617978482129e+04 9.999999999888387947e+01 7.466732175797083926e+00
6.042674908302766271e+05 -3.474912731104016711e+04 9.999999999876693835e+01 7.466709230237444928e+00
6.052718051941518206e+05 -3.480290844229552022e+04 9.999999999999275246e+01 7.466685644161571211e+00
6.062630765361153753e+05 -3.485668957355086604e+04 9.999999999957665864e+01 7.466661382906373490e+00
6.072413048551341053e+05 -3.491047070480621187e+04 1.000000000000778044e+02 7.466636409823885323e+00
6.082064901630544337e+05 -3.496425183606156497e+04 9.999999999924341409e+01 7.466610716587308794e+00
6.091586324419534067e+05 -3.501803296731691080e+04 1.000000000000153335e+02 7.466584236435161337e+00
6.100977317015257431e+05 -3.507181409857225663e+04 9.999999999963714004e+01 7.466556954548464020e+00
6.110237879556285916e+05 -3.512559522982760245e+04 9.999999999991109689e+01 7.466528857591846702e+00
6.119368011850906769e+05 -3.517937636108295555e+04 1.000000000020148292e+02 7.466499871343007300e+00
6.128367714015794918e+05 -3.523315749233830138e+04 1.000000000009722640e+02 7.466469979551693115e+00
6.137236985953201074e+05 -3.528693862359365448e+04 1.000000000005044853e+02 7.466439114708734337e+00
6.145975827717604116e+05 -3.534071975484900759e+04 1.000000000036378509e+02 7.466407238882591280e+00
6.154584239283711649e+05 -3.539450088610435341e+04 1.000000000018261517e+02 7.466374303474662355e+00
6.163062220636167331e+05 -3.544828201735969924e+04 9.999999999827861075e+01 7.466340248105867161e+00
6.171409771824366180e+05 -3.550206314861505234e+04 1.000000000002410445e+02 7.466305018362634272e+00
6.179626892863129033e+05 -3.555584427987039817e+04 1.000000000010105055e+02 7.466268565350161701e+00
6.187713583655029070e+05 -3.560962541112574399e+04 1.000000000004084342e+02 7.466230797565556188e+00
6.195669844337160466e+05 -3.566340654238109710e+04 1.000000000007467378e+02 7.466191675891209911e+00
6.203495674814892700e+05 -3.571718767363644292e+04 9.999999999850922450e+01 7.466151105829167633e+00
6.211191075078290887e+05 -3.577096880489178875e+04 1.000000000016132162e+02 7.466108993239314984e+00
6.218756045212707249e+05 -3.582474993614713458e+04 9.999999999895716485e+01 7.466065286331559747e+00
6.226190585107646184e+05 -3.587853106740249495e+04 1.000000000000788418e+02 7.466019847151130762e+00
6.233494694862099132e+05 -3.593231219865784078e+04 9.999999999926581040e+01 7.465972609347981681e+00
6.240668374417881714e+05 -3.598609332991318661e+04 9.999999999986479793e+01 7.465923441054053811e+00
6.247711623783773975e+05 -3.603987446116853971e+04 9.999999999948158802e+01 7.465872227409346529e+00
6.254624442989275558e+05 -3.609365559242388554e+04 9.999999999949289986e+01 7.465818847518816526e+00
6.261406831978240516e+05 -3.614743672367923136e+04 1.000000000018686421e+02 7.465763137092425339e+00
6.268058790811351500e+05 -3.620121785493458447e+04 9.999999999890655999e+01 7.465704971273884105e+00
6.274580319454469718e+05 -3.625499898618993029e+04 1.000000000011327757e+02 7.465644161202997786e+00
6.280971417916920036e+05 -3.630878011744527612e+04 9.999999999912152759e+01 7.465580534572763050e+00
6.287232086203586077e+05 -3.636256124870062922e+04 9.999999999969541875e+01 7.465513886286937684e+00
6.293362324283100897e+05 -3.641634237995597505e+04 9.999999999977826803e+01 7.465443984630486973e+00
6.299362132201921195e+05 -3.647012351121132815e+04 1.000000000000979412e+02 7.465370608595292445e+00
6.305231509932755725e+05 -3.652390464246668125e+04 1.000000000003093845e+02 7.465293478502615265e+00
6.310970457462741761e+05 -3.657768577372202708e+04 9.999999999973371700e+01 7.465212292070181554e+00
6.316578974819751456e+05 -3.663146690497737291e+04 1.000000000006016023e+02 7.465126735069492092e+00
6.322057061996243428e+05 -3.668524803623271873e+04 9.999999999941790918e+01 7.465036442258985439e+00
6.327404718988767127e+05 -3.673902916748807183e+04 9.999999999851338828e+01 7.464941006481295993e+00
6.332621945817410015e+05 -3.679281029874341766e+04 1.000000000023928948e+02 7.464839984379722182e+00
6.337708742442346411e+05 -3.684659142999876349e+04 1.000000000007582486e+02 7.464732853821396397e+00
6.342665108891716227e+05 -3.690037256125411659e+04 1.000000000000467679e+02 7.464619057379798583e+00
6.347491045134766027e+05 -3.695415369250946242e+04 1.000000000009637091e+02 7.464497926324985322e+00
6.352186551227517193e+05 -3.700793482376480824e+04 1.000000000015569412e+02 7.464368781730262192e+00
6.356751627123162616e+05 -3.706171595502016862e+04 1.000000000004103242e+02 7.464230757672972061e+00
6.361186272840386955e+05 -3.711549708627551445e+04 1.000000000007659935e+02 7.464082922833435774e+00
6.365490488372121472e+05 -3.716927821753086027e+04 1.000000000008710259e+02 7.463924187293937251e+00
6.369664273711276473e+05 -3.722305934878621338e+04 1.000000000019874165e+02 7.463753289847018912e+00
6.373707628873049980e+05 -3.727684048004155920e+04 9.999999999913832482e+01 7.463568805047759547e+00
6.377620553862308152e+05 -3.733062161129690503e+04 9.999999999872616741e+01 7.463369041900815404e+00
6.381403048658637563e+05 -3.738440274255225086e+04 1.000000000005619825e+02 7.463151998086011929e+00
6.385055113265415421e+05 -3.743818387380760396e+04 1.000000000042272603e+02 7.462915334572036485e+00
6.388576747704226291e+05 -3.749196500506294979e+04 1.000000000003769856e+02 7.462656317970268738e+00
6.391967951951544965e+05 -3.754574613631829561e+04 1.000000000001126921e+02 7.462371570793504993e+00
6.395228726021772018e+05 -3.759952726757364871e+04 1.000000000006638601e+02 7.462057095579728738e+00
6.398359069902007468e+05 -3.765330839882900182e+04 9.999999999923961980e+01 7.461707961698162528e+00
6.401358983599025523e+05 -3.770708953008434764e+04 9.999999999989633181e+01 7.461318129835558643e+00
6.404228467115900712e+05 -3.776087066133970075e+04 1.000000000013021122e+02 7.460880065574325037e+00
6.406967520449614385e+05 -3.781465179259504657e+04 1.000000000006692176e+02 7.460384240697139901e+00
6.409576143596593756e+05 -3.786843292385039240e+04 9.999999999697037367e+01 7.459818438416850661e+00
6.412054336562887765e+05 -3.792221405510574550e+04 9.999999999872159151e+01 7.459166774900143793e+00
6.414402099343447480e+05 -3.797599518636109133e+04 1.000000000005229026e+02 7.458408147482013639e+00
6.416619431940640789e+05 -3.802977631761643715e+04 1.000000000010909673e+02 7.457513975437914944e+00
6.418706334351669066e+05 -3.808355744887178298e+04 9.999999999921264759e+01 7.456444502699337562e+00
6.420662806579377502e+05 -3.813733858012713608e+04 1.000000000001394511e+02 7.455142856665361251e+00
6.422488848619617056e+05 -3.819111971138248191e+04 1.000000000012375097e+02 7.453524651216820729e+00
6.424184460473475046e+05 -3.824490084263783501e+04 9.999999999875602441e+01 7.451459324031492137e+00
6.425749642138459021e+05 -3.829868197389318811e+04 9.999999999932389017e+01 7.448733607089784492e+00
6.427184393610678380e+05 -3.835246310514853394e+04 1.000000000019270630e+02 7.444974519079034181e+00
6.428488714883697685e+05 -3.840624423640387977e+04 9.999999999765024938e+01 7.439467462118458663e+00
6.429662605944371317e+05 -3.846002536765923287e+04 1.000000000034013681e+02 7.430657161059442295e+00
6.430706066755631473e+05 -3.851380649891457870e+04 1.000000000001538041e+02 7.414440654441793122e+00
6.431619097190786852e+05 -3.856758763016992452e+04 9.999999999733698530e+01 7.375767167506576349e+00
6.431679322682271013e+05 -3.857142913954530377e+04 1.000000000007974563e+02 7.370916943514739472e+00
6.431738882709641475e+05 -3.857527064892069029e+04 1.000000000012330332e+02 7.365562625816576947e+00
6.431797777272207895e+05 -3.857911215829606954e+04 1.000000000032452903e+02 7.359624701979377903e+00
6.431856006369316019e+05 -3.858295366767145606e+04 9.999999999990829735e+01 7.353006617900859077e+00
6.431913570000225445e+05 -3.858679517704683531e+04 1.000000000011011991e+02 7.345589999718579399e+00
6.431970468163738260e+05 -3.859063668642222183e+04 1.000000000024069493e+02 7.337228183266699233e+00
6.432026700858771801e+05 -3.859447819579760107e+04 9.999999999893886127e+01 7.327737729588543303e+00
6.432082268083688105e+05 -3.859831970517298032e+04 9.999999999510473003e+01 7.316886136670292196e+00
6.432137169836633839e+05 -3.860216121454836684e+04 1.000000000042236223e+02 7.304375026348762567e+00
6.432191406115189893e+05 -3.860600272392374609e+04 9.999999999965842790e+01 7.289815679275624127e+00
6.432244976916385349e+05 -3.860984423329913261e+04 9.999999999817200091e+01 7.272693236846257570e+00
6.432297882236392470e+05 -3.861368574267451186e+04 9.999999999771301873e+01 7.252312921674755941e+00
6.432350122070218204e+05 -3.861752725204989838e+04 1.000000000014368453e+02 7.227716968990839597e+00
6.432401696411503945e+05 -3.862136876142527763e+04 9.999999999967859310e+01 7.197552775373370793e+00
6.433575609576799907e+05 -3.872893102393596928e+04 9.999999999715187471e+01 7.498533829103749326e+00
6.433966919648841722e+05 -3.878271215519131511e+04 9.999999999840731846e+01 7.503726471892389505e+00
6.434227799443285912e+05 -3.883649328644667548e+04 9.999999999547586071e+01 7.497107045977839057e+00
6.434358249070765451e+05 -3.889027441770202131e+04 1.000000000011616663e+02 7.491971952040745286e+00
6.434358268529511988e+05 -3.894405554895736714e+04 9.999999999958744468e+01 7.488266774434190864e+00
6.434227857815463794e+05 -3.899783668021272024e+04 1.000000000018470843e+02 7.485526548576726391e+00
6.433967016924578929e+05 -3.905161781146806607e+04 9.999999999760733260e+01 7.483433614167790182e+00
6.433575745854199631e+05 -3.910539894272341189e+04 9.999999999864651556e+01 7.481788408027201243e+00
6.433054044605907984e+05 -3.915918007397876499e+04 9.999999999971340969e+01 7.480463498954479817e+00
6.432401913174688816e+05 -3.921296120523411082e+04 1.000000000022443771e+02 7.479374701978898976e+00
6.431619351563436212e+05 -3.926674233648945665e+04 9.999999999942730255e+01 7.478464655807417039e+00
6.430706359769294504e+05 -3.932052346774480975e+04 1.000000000008568009e+02 7.477692963564068762e+00
6.429662937795844628e+05 -3.937430459900015558e+04 9.999999999976797938e+01 7.477030507709585549e+00
6.428489085636609234e+05 -3.942808573025550868e+04 9.999999999907410597e+01 7.476455705523445516e+00
6.427184803300391650e+05 -3.948186686151085451e+04 1.000000000014763657e+02 7.475952340455224387e+00
6.425750090779414168e+05 -3.953564799276620761e+04 1.000000000003078924e+02 7.475507899177705085e+00
6.424184948074991116e+05 -3.958942912402155343e+04 1.000000000004589538e+02 7.475112638656105091e+00
6.422489375189084094e+05 -3.964321025527689926e+04 1.000000000006084804e+02 7.474758847896796787e+00
6.420663372118042316e+05 -3.969699138653225236e+04 1.000000000025542164e+02 7.474440334543497322e+00
6.418706938866734272e+05 -3.975077251778759819e+04 9.999999999870436795e+01 7.474152097439223930e+00
