3.900393251609669533e+05 -6.516520084883213215e+00 1.000000000030920972e+02 7.577584222823775306e+00
3.901833861513753072e+05 -5.779768619114663153e+01 1.000000000000256080e+02 7.577584617586470728e+00
3.903272721206811257e+05 -1.090788522974100516e+02 9.999999999436442977e+01 7.577584981617694559e+00
3.904709830712598632e+05 -1.603600184036734788e+02 1.000000000004242651e+02 7.577585396635782899e+00
3.906145189992580563e+05 -2.116411845099368918e+02 1.000000000000752038e+02 7.577585766799287192e+00
3.907578799074725248e+05 -2.629223506162002764e+02 9.999999999582873045e+01 7.577586167338509426e+00
3.909010657950590830e+05 -3.142035167224637462e+02 1.000000000064296586e+02 7.577586542875816455e+00
3.910440766583892982e+05 -3.654846828287271023e+02 1.000000000051840061e+02 7.577586952364854689e+00
3.911869125033238670e+05 -4.167658489349905153e+02 9.999999999812388296e+01 7.577587327149859497e+00
3.913295733250228805e+05 -4.680470150412539283e+02 1.000000000010123671e+02 7.577587704561662640e+00
3.914720591284556431e+05 -5.193281811475172844e+02 9.999999999481900659e+01 7.577588081835108014e+00
3.916143699085511034e+05 -5.706093472537808111e+02 1.000000000009076189e+02 7.577588451676322556e+00
3.917565056686452008e+05 -6.218905133600442241e+02 9.999999999678898632e+01 7.577588823498413895e+00
3.918984664058448980e+05 -6.731716794663076371e+02 1.000000000012948362e+02 7.577589211325205909e+00
3.920402521235023160e+05 -7.244528455725710501e+02 1.000000000007122338e+02 7.577589603675229490e+00
3.921818628197630751e+05 -7.757340116788344631e+02 1.000000000019928450e+02 7.577589974563484709e+00
3.923232984947116929e+05 -8.270151777850978760e+02 9.999999999805999096e+01 7.577590321900060211e+00
3.924645591491051600e+05 -8.782963438913612890e+02 9.999999999697102737e+01 7.577590734157324093e+00
3.926056447835185681e+05 -9.295775099976247020e+02 1.000000000013411494e+02 7.577591090128027673e+00
3.927465553929999587e+05 -9.808586761038881150e+02 1.000000000002758753e+02 7.577591464806806343e+00
3.928872909842706867e+05 -1.032139842210151528e+03 1.000000000006514540e+02 7.577591827331510821e+00
3.930278515530141885e+05 -1.083421008316415282e+03 9.999999999805073969e+01 7.577592212850857933e+00
3.931682371011250070e+05 -1.134702174422678581e+03 1.000000000003509797e+02 7.577592576135351976e+00
3.933084476293768967e+05 -1.185983340528941881e+03 9.999999999756789748e+01 7.577592946104563687e+00
3.934484831344894483e+05 -1.237264506635205407e+03 1.000000000015153319e+02 7.577593306332340184e+00
3.935883436214334215e+05 -1.288545672741468707e+03 9.999999999947124252e+01 7.577593674663200218e+00
3.937280290835655178e+05 -1.339826838847732233e+03 1.000000000006508003e+02 7.577594033171571652e+00
3.938675395276399795e+05 -1.391108004953995533e+03 1.000000000003473701e+02 7.577594397387943381e+00
3.940068749496574164e+05 -1.442389171060259059e+03 9.999999999997233147e+01 7.577594754335774674e+00
3.941460353497518227e+05 -1.493670337166522359e+03 9.999999999960282082e+01 7.577595120849834665e+00
3.942850207290563849e+05 -1.544951503272785658e+03 9.999999999945431739e+01 7.577595466778957345e+00
3.944238310873464798e+05 -1.596232669379049412e+03 1.000000000075923765e+02 7.577595839558469493e+00
3.945624664246290340e+05 -1.647513835485312711e+03 9.999999999690632535e+01 7.577596184149837377e+00
3.947009267406145227e+05 -1.698795001591576010e+03 1.000000000000825224e+02 7.577596520392249069e+00
3.948392120369087206e+05 -1.750076167697839537e+03 9.999999999910092185e+01 7.577596869424858106e+00
3.949773223105274374e+05 -1.801357333804102836e+03 1.000000000025963800e+02 7.577597240968016123e+00
3.951152575626721373e+05 -1.852638499910366363e+03 1.000000000005747296e+02 7.577597563310349393e+00
3.952530177942075534e+05 -1.903919666016629890e+03 1.000000000014647270e+02 7.577597926134575168e+00
3.953906030053419527e+05 -1.955200832122893189e+03 9.999999999989422861e+01 7.577598258050039171e+00
3.955280131941201398e+05 -2.006481998229156488e+03 9.999999999968758857e+01 7.577598614755302719e+00
3.956652483629922499e+05 -2.057763164335419788e+03 9.999999999814130547e+01 7.577598963164897228e+00
3.958023085096336436e+05 -2.109044330441683087e+03 1.000000000016105304e+02 7.577599284804805713e+00
3.959391936380988336e+05 -2.160325496547946841e+03 1.000000000029996698e+02 7.577599626398892951e+00
3.960759037419480737e+05 -2.211606662654210595e+03 9.999999999345203605e+01 7.577599961268099982e+00
3.962124388254457153e+05 -2.262887828760473894e+03 9.999999998954874059e+01 7.577600293427968481e+00
3.963487988880822086e+05 -2.314168994866737194e+03 1.000000000002750227e+02 7.577600646096946946e+00
3.964849839293604600e+05 -2.365450160973000493e+03 9.999999999975388221e+01 7.577600962118837380e+00
3.966209939510750119e+05 -2.416731327079263792e+03 1.000000000007442225e+02 7.577601267390083883e+00
3.967568289503439446e+05 -2.468012493185527546e+03 1.000000000059222032e+02 7.577601612291839928e+00
3.968924889286581310e+05 -2.519293659291790846e+03 1.000000000000499938e+02 7.577601949292656514e+00
3.970279738868643180e+05 -2.570574825398054145e+03 9.999999999997989164e+01 7.577602268190667623e+00
3.971632838212608476e+05 -2.621855991504317444e+03 1.000000000002923741e+02 7.577602583151954896e+00
3.972984187372197048e+05 -2.673137157610581198e+03 9.999999999969833198e+01 7.577602903035169035e+00
3.974333786302095978e+05 -2.724418323716844498e+03 1.000000000009945467e+02 7.577603231680952511e+00
3.975681635044878349e+05 -2.775699489823107797e+03 1.000000000094084953e+02 7.577603536046987109e+00
3.977027733555918676e+05 -2.826980655929371551e+03 1.000000000010167867e+02 7.577603831499210685e+00
3.978372081872596755e+05 -2.878261822035634850e+03 1.000000000024001139e+02 7.577604135992136669e+00
3.979714679955184110e+05 -2.929542988141898149e+03 9.999999999812297347e+01 7.577604425402458155e+00
3.981055527825916652e+05 -2.980824154248161449e+03 9.999999999826957264e+01 7.577604745465975178e+00
3.982394625515086809e+05 -3.032105320354424748e+03 1.000000000003617089e+02 7.577605045946908646e+00
3.983731972979115671e+05 -3.083386486460688047e+03 1.000000000006136247e+02 7.577605348785240835e+00
3.985067570219968329e+05 -3.134667652566951801e+03 9.999999999106452719e+01 7.577605652372669809e+00
3.986401417268037330e+05 -3.185948818673215555e+03 1.000000000014762804e+02 7.577605930037475623e+00
3.987733514094004640e+05 -3.237229984779478855e+03 9.999999999858127353e+01 7.577606247081578594e+00
3.989063860709866276e+05 -3.288511150885742154e+03 9.999999999996119016e+01 7.577606515742948190e+00
3.990392457109985990e+05 -3.339792316992005453e+03 1.000000000011329320e+02 7.577606815307395216e+00
3.991719303302651970e+05 -3.391073483098268753e+03 9.999999999914751925e+01 7.577607098063560365e+00
3.993044399296168122e+05 -3.442354649204532052e+03 9.999999999933861261e+01 7.577607402106742995e+00
3.994367745058666915e+05 -3.493635815310795806e+03 9.999999999847494792e+01 7.577607657752509773e+00
3.995689340630274964e+05 -3.544916981417059105e+03 1.000000000013600499e+02 7.577607932098230137e+00
3.997009185978762689e+05 -3.596198147523322405e+03 1.000000000017559501e+02 7.577608181861580583e+00
3.998327281121952110e+05 -3.647479313629586159e+03 9.999999999940158091e+01 7.577608477328738878e+00
3.999643626040209783e+05 -3.698760479735849458e+03 9.999999999893076108e+01 7.577608718133493682e+00
4.000958220752571942e+05 -3.750041645842112757e+03 9.999999999988035881e+01 7.577608984177715890e+00
4.002271065271411208e+05 -3.801322811948376511e+03 1.000000000008396910e+02 7.577609247095415057e+00
4.003582159556514234e+05 -3.852603978054639811e+03 9.999999999710307463e+01 7.577609519762883217e+00
4.004891503644999466e+05 -3.903885144160903110e+03 1.000000000035851997e+02 7.577609766555557513e+00
4.006199097520140931e+05 -3.955166310267166409e+03 1.000000000006269119e+02 7.577610015924108211e+00
4.007504941183840274e+05 -4.006447476373429708e+03 1.000000000002860503e+02 7.577610251981308664e+00
4.008809034633588162e+05 -4.057728642479693008e+03 9.999999999689364927e+01 7.577610489229486213e+00
4.010111377879623324e+05 -4.109009808585956307e+03 9.999999999485417845e+01 7.577610743591436382e+00
4.011411970903942129e+05 -4.160290974692220516e+03 1.000000000020077380e+02 7.577610966203765841e+00
4.012710813719994621e+05 -4.211572140798482906e+03 1.000000000004492193e+02 7.577611233451966299e+00
4.014007906326082884e+05 -4.262853306904746205e+03 9.999999999969713826e+01 7.577611443616494746e+00
4.015303248719482217e+05 -4.314134473011010414e+03 1.000000000001624016e+02 7.577611678889922153e+00
4.016596840906307334e+05 -4.365415639117273713e+03 1.000000000012092016e+02 7.577611901492866231e+00
4.017888682874389924e+05 -4.416696805223537012e+03 1.000000000002357439e+02 7.577612128036695260e+00
4.019178774640437914e+05 -4.467977971329800312e+03 9.999999999513080695e+01 7.577612345137220373e+00
4.020467116185106570e+05 -4.519259137436063611e+03 1.000000000022507152e+02 7.577612521855430217e+00
4.021753707531369873e+05 -4.570540303542326910e+03 1.000000000028823450e+02 7.577612774646547145e+00
4.023038548655649647e+05 -4.621821469648590210e+03 1.000000000034123531e+02 7.577612958758702888e+00
4.024321639571628766e+05 -4.673102635754853509e+03 1.000000000039838710e+02 7.577613167930054239e+00
4.025602980281785131e+05 -4.724383801861116808e+03 9.999999999715888066e+01 7.577613381920987656e+00
4.026882570772489416e+05 -4.775664967967380107e+03 1.000000000007021157e+02 7.577613547776664404e+00
4.028160411049828399e+05 -4.826946134073643407e+03 9.999999999725129385e+01 7.577613742197615743e+00
4.029436501129254466e+05 -4.878227300179907616e+03 9.999999999964795450e+01 7.577613925483035473e+00
4.030710840987814590e+05 -4.929508466286171824e+03 9.999999999857170963e+01 7.577614095221625767e+00
4.031983430634751567e+05 -4.980789632392435124e+03 9.999999999998706812e+01 7.577614276710018970e+00
4.033254270082576550e+05 -5.032070798498698423e+03 1.000000000042744972e+02 7.577614457613007559e+00
4.034523359306442435e+05 -5.083351964604961722e+03 9.999999999853142185e+01 7.577614616995684393e+00
4.035790698326251004e+05 -5.134633130711225022e+03 9.999999999684318652e+01 7.577614771570829078e+00
4.037056287136063911e+05 -5.185914296817488321e+03 1.000000000002601723e+02 7.577614930449164454e+00
4.038320125717414194e+05 -5.237195462923751620e+03 9.999999999896422764e+01 7.577615079113536822e+00
4.039582214105685707e+05 -5.288476629030014919e+03 9.999999999924550309e+01 7.577615252018775394e+00
4.040842552276834031e+05 -5.339757795136278219e+03 9.999999999688617436e+01 7.577615389157417169e+00
4.042101140241826070e+05 -5.391038961242541518e+03 9.999999999901829995e+01 7.577615514417518128e+00
4.043357977996307891e+05 -5.442320127348804817e+03 1.000000000008184031e+02 7.577615648740849252e+00
4.044613065533909248e+05 -5.493601293455068117e+03 1.000000000015384671e+02 7.577615779752237657e+00
4.045866402853708714e+05 -5.544882459561331416e+03 1.000000000003887379e+02 7.577615906657107381e+00
4.047117989972054493e+05 -5.596163625667595625e+03 1.000000000014566837e+02 7.577616019204425513e+00
4.048367826884836541e+05 -5.647444791773858924e+03 9.999999999933835682e+01 7.577616129469268991e+00
4.049615913578871987e+05 -5.698725957880122223e+03 9.999999999963773689e+01 7.577616236219732571e+00
4.050862250057683559e+05 -5.750007123986385523e+03 9.999999999650718507e+01 7.577616325810732967e+00
4.052106836340299342e+05 -5.801288290092648822e+03 1.000000000011756498e+02 7.577616441000787795e+00
4.053349672384922160e+05 -5.852569456198913031e+03 9.999999999602212597e+01 7.577616528306873711e+00
4.054590758245496545e+05 -5.903850622305176330e+03 9.999999999987677768e+01 7.577616623794446227e+00
4.055830093882952933e+05 -5.955131788411439629e+03 9.999999999956580155e+01 7.577616683828336974e+00
4.057067679312142427e+05 -6.006412954517702929e+03 1.000000000035315537e+02 7.577616760177993349e+00
4.058303514524966013e+05 -6.057694120623966228e+03 1.000000000028101397e+02 7.577616832959500393e+00
4.059537599533984321e+05 -6.108975286730229527e+03 1.000000000034537919e+02 7.577616884153316690e+00
4.060769934321800247e+05 -6.160256452836492826e+03 1.000000000008218564e+02 7.577616954872770094e+00
4.062000518908795202e+05 -6.211537618942756126e+03 1.000000000045970268e+02 7.577616984818982715e+00
4.063229353279523784e+05 -6.262818785049020335e+03 9.999999999848171228e+01 7.577617033940875046e+00
4.064456437445341144e+05 -6.314099951155283634e+03 9.999999999890547997e+01 7.577617079602442907e+00
4.065681771397706470e+05 -6.365381117261546933e+03 1.000000000001756035e+02 7.577617083459738723e+00
4.066905355133151170e+05 -6.416662283367810232e+03 9.999999999919175764e+01 7.577617131972115061e+00
4.068127188665319700e+05 -6.467943449474073532e+03 9.999999999884789759e+01 7.577617150687919967e+00
4.069347271976495977e+05 -6.519224615580336831e+03 9.999999999949081086e+01 7.577617154403301747e+00
4.070565605089228484e+05 -6.570505781686600130e+03 1.000000000004005472e+02 7.577617136080476712e+00
4.071782187982773758e+05 -6.621786947792863430e+03 1.000000000016465691e+02 7.577617137940066527e+00
4.072997020663946751e+05 -6.673068113899126729e+03 1.000000000017594175e+02 7.577617130228119890e+00
4.074210103132448276e+05 -6.724349280005390028e+03 9.999999999950945551e+01 7.577617106099593158e+00
4.075421435391845298e+05 -6.775630446111653328e+03 1.000000000000152056e+02 7.577617083218409988e+00
4.076631017448038328e+05 -6.826911612217916627e+03 9.999999999746468404e+01 7.577617058210588397e+00
4.077838849285324104e+05 -6.878192778324180836e+03 1.000000000015939179e+02 7.577617015577592596e+00
4.079044930915699806e+05 -6.929473944430445044e+03 1.000000000002002309e+02 7.577616945855098152e+00
4.080249262325271848e+05 -6.980755110536708344e+03 1.000000000007568985e+02 7.577616901559531826e+00
4.081451843537686509e+05 -7.032036276642971643e+03 9.999999999884715862e+01 7.577616814860305361e+00
4.082652674530001823e+05 -7.083317442749234942e+03 9.999999999983552357e+01 7.577616762180127807e+00
4.083851755313751637e+05 -7.134598608855498242e+03 1.000000000008355556e+02 7.577616691547795824e+00
4.085049085884359665e+05 -7.185879774961761541e+03 1.000000000023082265e+02 7.577616597892242289e+00
4.086244666247706045e+05 -7.237160941068024840e+03 1.000000000000254516e+02 7.577616513485611272e+00
4.087438496392219095e+05 -7.288442107174288140e+03 1.000000000009987957e+02 7.577616371182016586e+00
4.088630576344701112e+05 -7.339723273280551439e+03 1.000000000041829935e+02 7.577616259773864549e+00
4.089820906070524943e+05 -7.391004439386814738e+03 1.000000000023363640e+02 7.577616145416358862e+00
4.091009485579808825e+05 -7.442285605493078037e+03 9.999999999909273640e+01 7.577615998796537689e+00
4.092196314888140769e+05 -7.493566771599341337e+03 1.000000000006092620e+02 7.577615855636765652e+00
4.093381393981277943e+05 -7.544847937705604636e+03 1.000000000020522037e+02 7.577615710071723854e+00
4.094564722865648218e+05 -7.596129103811868845e+03 9.999999999224242231e+01 7.577615552505795549e+00
4.095746301537404070e+05 -7.647410269918132144e+03 9.999999999864570555e+01 7.577615372728220500e+00
4.096926129998312681e+05 -7.698691436024395443e+03 9.999999999802440698e+01 7.577615207501526839e+00
4.098104208245370537e+05 -7.749972602130658743e+03 1.000000000003962271e+02 7.577615018240356548e+00
4.099280536289499723e+05 -7.801253768236922042e+03 9.999999999840017040e+01 7.577614806568403694e+00
4.100455114115065080e+05 -7.852534934343186251e+03 9.999999999945183049e+01 7.577614603213703504e+00
4.101627941726824502e+05 -7.903816100449449550e+03 1.000000000026994229e+02 7.577614378882440604e+00
4.102799019142822945e+05 -7.955097266555712849e+03 1.000000000033008121e+02 7.577614149700553803e+00
4.103968346335615497e+05 -8.006378432661976149e+03 1.000000000041303707e+02 7.577613897578164170e+00
4.105135923313890235e+05 -8.057659598768239448e+03 1.000000000027553142e+02 7.577613640979591558e+00
4.106301750086755492e+05 -8.108940764874502747e+03 1.000000000005705942e+02 7.577613374402723423e+00
4.107465826648196671e+05 -8.160221930980766047e+03 9.999999999961315211e+01 7.577613107302796358e+00
4.108628152998499572e+05 -8.211503097087028436e+03 1.000000000002596465e+02 7.577612818932178307e+00
4.109788729138565250e+05 -8.262784263193292645e+03 9.999999999960255082e+01 7.577612546107522995e+00
4.110947555066745845e+05 -8.314065429299556854e+03 1.000000000000383125e+02 7.577612215854061972e+00
4.112104630781129235e+05 -8.365346595405821063e+03 9.999999999687186403e+01 7.577611911508098430e+00
4.113259956284617656e+05 -8.416627761512083453e+03 9.999999999963698372e+01 7.577611565203046240e+00
4.114413531583351432e+05 -8.467908927618347661e+03 9.999999999780109761e+01 7.577611220947718884e+00
4.115565356663627899e+05 -8.519190093724610051e+03 1.000000000011969519e+02 7.577610863598724933e+00
4.116715431536562974e+05 -8.570471259830874260e+03 9.999999999978867038e+01 7.577610493524300495e+00
4.117863756198299816e+05 -8.621752425937138469e+03 9.999999999933379513e+01 7.577610107100008818e+00
4.119010330647302326e+05 -8.673033592043400859e+03 9.999999999618333391e+01 7.577609713755446563e+00
4.120155154888891848e+05 -8.724314758149665067e+03 1.000000000006095462e+02 7.577609302762005505e+00
4.121298228916691151e+05 -8.775595924255927457e+03 9.999999999915915794e+01 7.577608910311792734e+00
4.122439552731169388e+05 -8.826877090362191666e+03 9.999999999641381976e+01 7.577608442395181498e+00
4.123579126338220667e+05 -8.878158256468454056e+03 1.000000000009780337e+02 7.577608008856950406e+00
4.124716949731408968e+05 -8.929439422574718265e+03 9.999999999991158006e+01 7.577607537990207476e+00
4.125853022914531757e+05 -8.980720588680980654e+03 1.000000000005111218e+02 7.577607054552605526e+00
4.126987345888709533e+05 -9.032001754787244863e+03 1.000000000018447679e+02 7.577606573390155198e+00
4.128119918650016771e+05 -9.083282920893507253e+03 9.999999999961254105e+01 7.577606077468887591e+00
4.129250741196512245e+05 -9.134564086999771462e+03 1.000000000008447074e+02 7.577605554111038977e+00
4.130379813537707669e+05 -9.185845253106033852e+03 1.000000000000595861e+02 7.577605010513415174e+00
4.131507135664310772e+05 -9.237126419212298060e+03 1.000000000007278373e+02 7.577604462108731731e+00
4.132632707579642301e+05 -9.288407585318562269e+03 9.999999999994327027e+01 7.577603896721633703e+00
4.133756529288907186e+05 -9.339688751424824659e+03 1.000000000013257306e+02 7.577603298111723618e+00
4.134878600779908593e+05 -9.390969917531088868e+03 1.000000000028791334e+02 7.577602707746629029e+00
4.135998922065788647e+05 -9.442251083637351257e+03 1.000000000017891892e+02 7.577602107760634809e+00
4.137117493137318525e+05 -9.493532249743615466e+03 9.999999999846961884e+01 7.577601471635869501e+00
4.138234313996195560e+05 -9.544813415849877856e+03 1.000000000020229152e+02 7.577600817177005510e+00
4.139349384648287669e+05 -9.596094581956142065e+03 1.000000000008764971e+02 7.577600156682107624e+00
4.140462705086777569e+05 -9.647375748062404455e+03 9.999999999955618080e+01 7.577599456413284251e+00
4.141574275315229897e+05 -9.698656914168668663e+03 9.999999999865319467e+01 7.577598770751005297e+00
4.142684095327419345e+05 -9.749938080274931053e+03 9.999999999998924238e+01 7.577598040233937127e+00
4.143792165132415248e+05 -9.801219246381195262e+03 9.999999999632798620e+01 7.577597326176463532e+00
4.144898484730796190e+05 -9.852500412487459471e+03 9.999999999785461569e+01 7.577596565439276510e+00
4.146003054114857805e+05 -9.903781578593721861e+03 1.000000000020539517e+02 7.577595811749353594e+00
4.147105873284067493e+05 -9.955062744699986069e+03 9.999999999284186458e+01 7.577594986744458971e+00
4.148206942249095882e+05 -1.000634391080624846e+04 1.000000000010985843e+02 7.577594202558391778e+00
4.149306260993518517e+05 -1.005762507691251267e+04 1.000000000000553655e+02 7.577593355929847618e+00
4.150403829536894336e+05 -1.010890624301877506e+04 9.999999999949714891e+01 7.577592506858250587e+00
4.151499647865551524e+05 -1.016018740912503927e+04 1.000000000002478515e+02 7.577591642521864124e+00
4.152593715979352128e+05 -1.021146857523130166e+04 1.000000000008234338e+02 7.577590747307212382e+00
4.153686033886608784e+05 -1.026274974133756768e+04 1.000000000000644320e+02 7.577589819117527270e+00
4.154776601579463459e+05 -1.031403090744383007e+04 1.000000000010462742e+02 7.577588903929957986e+00
4.155865419060958666e+05 -1.036531207355009428e+04 9.999999999770686543e+01 7.577587952793390258e+00
4.156952486334491987e+05 -1.041659323965635667e+04 9.999999999868495593e+01 7.577586971573797570e+00
4.158037803396654781e+05 -1.046787440576262088e+04 9.999999999963502262e+01 7.577585969202676353e+00
4.159121370246490114e+05 -1.051915557186888509e+04 9.999999999850879817e+01 7.577584943033978782e+00
4.160203186883074231e+05 -1.057043673797514748e+04 9.999999999869699252e+01 7.577583893665260639e+00
4.161283253312927554e+05 -1.062171790408141169e+04 1.000000000014856454e+02 7.577582849134449461e+00
4.162361569526008680e+05 -1.067299907018767408e+04 9.999999999597297062e+01 7.577581746716968603e+00
4.163438135532364249e+05 -1.072428023629393829e+04 9.999999999940774842e+01 7.577580628083292247e+00
4.164512951329267817e+05 -1.077556140240020068e+04 1.000000000005981775e+02 7.577579481128851491e+00
4.165586016912073246e+05 -1.082684256850646489e+04 9.999999999930469130e+01 7.577578324082448802e+00
4.166657332285269513e+05 -1.087812373461272728e+04 9.999999999920389371e+01 7.577577128539203954e+00
4.167726897445473587e+05 -1.092940490071899148e+04 1.000000000046475890e+02 7.577575908035847796e+00
4.168794712393086520e+05 -1.098068606682525387e+04 1.000000000035279726e+02 7.577574667160238420e+00
4.169860777131114155e+05 -1.103196723293151808e+04 1.000000000004244640e+02 7.577573397745117845e+00
4.170925091662777122e+05 -1.108324839903778047e+04 1.000000000020917383e+02 7.577572104161744981e+00
4.171987655975400121e+05 -1.113452956514404468e+04 9.999999999958923524e+01 7.577570773109099989e+00
4.173048470081042615e+05 -1.118581073125030889e+04 9.999999999906489734e+01 7.577569407308295979e+00
4.174107533976435661e+05 -1.123709189735657128e+04 1.000000000002104770e+02 7.577568056482042458e+00
4.175164847658930230e+05 -1.128837306346283549e+04 1.000000000001302993e+02 7.577566639426030370e+00
4.176220411132164299e+05 -1.133965422956909788e+04 1.000000000010246168e+02 7.577565190276792428e+00
4.177274224390884046e+05 -1.139093539567536209e+04 1.000000000009512888e+02 7.577563734600170520e+00
4.178326287440423039e+05 -1.144221656178162448e+04 1.000000000013317418e+02 7.577562222126763558e+00
4.179376600282109575e+05 -1.149349772788788869e+04 9.999999999770889758e+01 7.577560695206394747e+00
4.180425162906441838e+05 -1.154477889399415108e+04 9.999999999988283150e+01 7.577559119055480963e+00
4.181471975324843661e+05 -1.159606006010041528e+04 9.999999999982782128e+01 7.577557559518941943e+00
4.182517037527314387e+05 -1.164734122620667767e+04 9.999999999738213319e+01 7.577555914419241923e+00
4.183560349524449557e+05 -1.169862239231294188e+04 1.000000000035379202e+02 7.577554253759630321e+00
4.184601911305429530e+05 -1.174990355841920427e+04 9.999999999982297538e+01 7.577552554467650303e+00
4.185641722879237495e+05 -1.180118472452546848e+04 1.000000000002911520e+02 7.577550854666815106e+00
4.186679784241327434e+05 -1.185246589063173269e+04 9.999999999956999375e+01 7.577549073476232522e+00
4.187716095389219699e+05 -1.190374705673799508e+04 1.000000000001762572e+02 7.577547294020587465e+00
4.188750656330086058e+05 -1.195502822284425929e+04 9.999999999851578991e+01 7.577545459689620344e+00
4.189783467055045767e+05 -1.200630938895052168e+04 9.999999999801872264e+01 7.577543601494223680e+00
4.190814527571531944e+05 -1.205759055505678589e+04 1.000000000000383551e+02 7.577541673493565888e+00
4.191843837876199977e+05 -1.210887172116304828e+04 9.999999999962925301e+01 7.577539741652200789e+00
4.192871397969979444e+05 -1.216015288726931249e+04 9.999999999948205698e+01 7.577537752391009462e+00
4.193897207852777792e+05 -1.221143405337557488e+04 1.000000000042967230e+02 7.577535742854530021e+00
4.194921267524449504e+05 -1.226271521948184090e+04 9.999999999964934716e+01 7.577533674821053111e+00
4.195943576986760600e+05 -1.231399638558810329e+04 1.000000000008114540e+02 7.577531592202404909e+00
4.196964136236593476e+05 -1.236527755169436750e+04 1.000000000004302336e+02 7.577529437239417298e+00
4.197982945274610538e+05 -1.241655871780062989e+04 1.000000000010126939e+02 7.577527259947205884e+00
4.199000004103014944e+05 -1.246783988390689410e+04 1.000000000000236611e+02 7.577525050606750412e+00
4.200015312718859059e+05 -1.251912105001315831e+04 9.999999999786639648e+01 7.577522752591933752e+00
4.201028871123799472e+05 -1.257040221611942070e+04 9.999999999868849443e+01 7.577520460392788593e+00
4.202040679316019523e+05 -1.262168338222568491e+04 1.000000000015708963e+02 7.577518098235870525e+00
4.203050737299675820e+05 -1.267296454833194730e+04 9.999999999667468842e+01 7.577515683908136346e+00
4.204059045072959270e+05 -1.272424571443821151e+04 1.000000000061313017e+02 7.577513256375891793e+00
4.205065602633076487e+05 -1.277552688054447390e+04 9.999999999942856732e+01 7.577510752420754336e+00
4.206070409980129334e+05 -1.282680804665073811e+04 9.999999999850771815e+01 7.577508201308904567e+00
4.207073467120741261e+05 -1.287808921275700050e+04 1.000000000005689742e+02 7.577505627137002264e+00
4.208074774048906402e+05 -1.292937037886326470e+04 1.000000000004984315e+02 7.577502972279992477e+00
4.209074330765160848e+05 -1.298065154496952709e+04 9.999999999712154874e+01 7.577500285459503715e+00
4.210072137270345702e+05 -1.303193271107579130e+04 9.999999999865924849e+01 7.577497542860042401e+00
4.211068193563644309e+05 -1.308321387718205369e+04 1.000000000000855920e+02 7.577494734459784276e+00
4.212062499646815704e+05 -1.313449504328831790e+04 9.999999999686080798e+01 7.577491893656702615e+00
4.213055055521008326e+05 -1.318577620939458211e+04 9.999999999976851939e+01 7.577488991190254097e+00
4.214045861180229113e+05 -1.323705737550084450e+04 9.999999999907818449e+01 7.577486040811839629e+00
4.215034916630145744e+05 -1.328833854160710871e+04 1.000000000001550404e+02 7.577483015940180699e+00
4.216022221867036424e+05 -1.333961970771337110e+04 9.999999999668834505e+01 7.577479943900729431e+00
4.217007776892185793e+05 -1.339090087381963531e+04 1.000000000020901467e+02 7.577476804084545492e+00
4.217991581712060142e+05 -1.344218203992589770e+04 9.999999999953695351e+01 7.577473627624018881e+00
4.218973636316478369e+05 -1.349346320603216191e+04 9.999999999825854502e+01 7.577470380877484146e+00
4.219953940710354946e+05 -1.354474437213842430e+04 9.999999999907416282e+01 7.577467046445732990e+00
4.220932494894974516e+05 -1.359602553824468851e+04 1.000000000050853401e+02 7.577463702601938245e+00
4.221909298863600125e+05 -1.364730670435095089e+04 1.000000000008375025e+02 7.577460247657980652e+00
4.222884352625272004e+05 -1.369858787045721510e+04 9.999999999881936219e+01 7.577456746636872076e+00
4.223857656174358563e+05 -1.374986903656347749e+04 1.000000000006771614e+02 7.577453186666496698e+00
4.224829209513956448e+05 -1.380115020266974170e+04 9.999999999905321602e+01 7.577449537592556794e+00
4.225799012639960856e+05 -1.385243136877600591e+04 9.999999999636986558e+01 7.577445838031831471e+00
4.226767065557508613e+05 -1.390371253488226830e+04 9.999999999974266984e+01 7.577442062788509070e+00
4.227733368262677104e+05 -1.395499370098853251e+04 1.000000000025465710e+02 7.577438204653521581e+00
4.228697920755250379e+05 -1.400627486709479490e+04 1.000000000002921468e+02 7.577434283358113198e+00
4.229660723038543947e+05 -1.405755603320105911e+04 1.000000000000367066e+02 7.577430314257164845e+00
4.230621775111593888e+05 -1.410883719930732150e+04 1.000000000002618066e+02 7.577426227775217349e+00
4.231581076971313450e+05 -1.416011836541358571e+04 1.000000000010881962e+02 7.577422097363998965e+00
4.232538628621446551e+05 -1.421139953151984992e+04 1.000000000008149357e+02 7.577417875570731098e+00
4.233494430057962309e+05 -1.426268069762611412e+04 9.999999999892436620e+01 7.577413550921808572e+00
4.234448481286868337e+05 -1.431396186373237651e+04 1.000000000015309070e+02 7.577409195449216206e+00
4.235400782302126172e+05 -1.436524302983864072e+04 9.999999999993978861e+01 7.577404718861470378e+00
4.236351333107657265e+05 -1.441652419594490311e+04 1.000000000008499370e+02 7.577400173406547701e+00
4.237300133701724117e+05 -1.446780536205116732e+04 1.000000000001995204e+02 7.577395536075347771e+00
4.238247184083523462e+05 -1.451908652815743153e+04 9.999999999971596765e+01 7.577390810424868839e+00
4.239192484255112940e+05 -1.457036769426369392e+04 9.999999999944486717e+01 7.577386003599209552e+00
4.240136034215636319e+05 -1.462164886036995813e+04 9.999999999700676767e+01 7.577381094193760269e+00
4.241077833965790924e+05 -1.467293002647622052e+04 1.000000000007757706e+02 7.577376092757013737e+00
4.242017883504660567e+05 -1.472421119258248473e+04 9.999999999953291763e+01 7.577371012096707048e+00
4.242956182832857012e+05 -1.477549235868874712e+04 9.999999999950580332e+01 7.577365814111385767e+00
4.243892731946916902e+05 -1.482677352479501133e+04 9.999999999879334212e+01 7.577360534452999730e+00
4.244827530852949130e+05 -1.487805469090127372e+04 1.000000000007326264e+02 7.577355155886382754e+00
4.245760579546670779e+05 -1.492933585700753792e+04 9.999999999883989688e+01 7.577349661321464147e+00
4.246691878029131913e+05 -1.498061702311380031e+04 9.999999999764521874e+01 7.577344070586161884e+00
4.247621426300767343e+05 -1.503189818922006452e+04 9.999999999952107999e+01 7.577338377351836129e+00
4.248549224360965309e+05 -1.508317935532632691e+04 1.000000000001851816e+02 7.577332563314164382e+00
4.249475272211286938e+05 -1.513446052143259112e+04 1.000000000001270308e+02 7.577326651465061680e+00
4.250399569849478430e+05 -1.518574168753885533e+04 9.999999999939299755e+01 7.577320608503714361e+00
4.251322117277600919e+05 -1.523702285364511772e+04 9.999999999585401156e+01 7.577314476129227039e+00
4.252242914492609561e+05 -1.528830401975138193e+04 9.999999999969097075e+01 7.577308203903267092e+00
4.253161961498261662e+05 -1.533958518585764432e+04 1.000000000010545875e+02 7.577301824821064180e+00
4.254079258291355800e+05 -1.539086635196390853e+04 1.000000000001378879e+02 7.577295310491622971e+00
4.254994804875694681e+05 -1.544214751807017092e+04 9.999999999953169549e+01 7.577288696604069784e+00
4.255908601245933678e+05 -1.549342868417643513e+04 1.000000000025463294e+02 7.577281920444648655e+00
4.256820647406306234e+05 -1.554470985028269752e+04 1.000000000003547456e+02 7.577275053360938983e+00
4.257730943355715717e+05 -1.559599101638896173e+04 9.999999999953044494e+01 7.577268032602538561e+00
4.258639489093998563e+05 -1.564727218249522411e+04 9.999999999891660707e+01 7.577260879108242975e+00
4.259546284620584920e+05 -1.569855334860148832e+04 9.999999999734303913e+01 7.577253577353927128e+00
4.260451329937348492e+05 -1.574983451470775071e+04 1.000000000014733104e+02 7.577246148396575620e+00
4.261354625040729297e+05 -1.580111568081401492e+04 9.999999999106367454e+01 7.577238551388436605e+00
4.262256169935800717e+05 -1.585239684692027913e+04 1.000000000010184493e+02 7.577230843009477468e+00
4.263155964618886355e+05 -1.590367801302654152e+04 9.999999999934382799e+01 7.577222973767022474e+00
4.264054009091006010e+05 -1.595495917913280573e+04 1.000000000005562697e+02 7.577214943095056832e+00
4.264950303350272006e+05 -1.600624034523906812e+04 9.999999999651747373e+01 7.577206755074542777e+00
4.265844847400104627e+05 -1.605752151134533233e+04 1.000000000009693082e+02 7.577198413589026238e+00
4.266737641238315264e+05 -1.610880267745159472e+04 1.000000000000524949e+02 7.577189901008932971e+00
4.267628684865832911e+05 -1.616008384355786075e+04 9.999999999976587617e+01 7.577181234401877852e+00
4.268517978281271644e+05 -1.621136500966412314e+04 9.999999999953742247e+01 7.577172370717168981e+00
4.269405521486264188e+05 -1.626264617577038734e+04 9.999999999995110045e+01 7.577163353702013104e+00
4.270291314479251159e+05 -1.631392734187664973e+04 9.999999999524686700e+01 7.577154137408205870e+00
4.271175357262480538e+05 -1.636520850798291394e+04 9.999999999936974859e+01 7.577144768384613371e+00
4.272057649834400509e+05 -1.641648967408917451e+04 9.999999999876860102e+01 7.577135211904899137e+00
4.272938192194746225e+05 -1.646777084019544054e+04 1.000000000008992629e+02 7.577125458008676873e+00
4.273816984343501972e+05 -1.651905200630170293e+04 1.000000000009555237e+02 7.577115511178303286e+00
4.274694026281451806e+05 -1.657033317240796532e+04 9.999999999970086151e+01 7.577105358673691171e+00
4.275569318009521230e+05 -1.662161433851423135e+04 1.000000000004791332e+02 7.577095022073919495e+00
4.276442859525927925e+05 -1.667289550462049374e+04 1.000000000044798014e+02 7.577084460696633883e+00
4.277314650829487946e+05 -1.672417667072675977e+04 9.999999999791640448e+01 7.577073673936104647e+00
4.278184691923636128e+05 -1.677545783683302216e+04 9.999999999828027342e+01 7.577062706989016405e+00
4.279052982806822984e+05 -1.682673900293928455e+04 1.000000000019883259e+02 7.577051486250533152e+00
4.279919523477681796e+05 -1.687802016904555057e+04 9.999999999986569321e+01 7.577040037932770922e+00
4.280784313938163104e+05 -1.692930133515181296e+04 9.999999999989054800e+01 7.577028375530001192e+00
4.281647354187977617e+05 -1.698058250125807535e+04 1.000000000015919994e+02 7.577016476914811172e+00
4.282508644225570606e+05 -1.703186366736433774e+04 1.000000000019504540e+02 7.577004317368784214e+00
4.283368184052463621e+05 -1.708314483347060377e+04 1.000000000002926583e+02 7.576991919964482847e+00
4.284225973668895313e+05 -1.713442599957686616e+04 9.999999999796617089e+01 7.576979271649531000e+00
4.285082013073417475e+05 -1.718570716568312855e+04 9.999999999842067666e+01 7.576966367206143360e+00
4.285936302267765277e+05 -1.723698833178939458e+04 9.999999999721177346e+01 7.576953193558587429e+00
4.286788841249641264e+05 -1.728826949789565697e+04 1.000000000006650538e+02 7.576939732180038689e+00
4.287639630021699122e+05 -1.733955066400191936e+04 1.000000000012325216e+02 7.576926016236407158e+00
4.288488668581154197e+05 -1.739083183010818175e+04 9.999999999758250624e+01 7.576911990826142862e+00
4.289335956930348766e+05 -1.744211299621444778e+04 9.999999999957276486e+01 7.576897673302113390e+00
4.290181495068960357e+05 -1.749339416232071017e+04 1.000000000024012365e+02 7.576883083667870444e+00
4.291025282995589077e+05 -1.754467532842697256e+04 1.000000000015984796e+02 7.576868150697608328e+00
4.291867320711637731e+05 -1.759595649453323495e+04 1.000000000028350513e+02 7.576852933508344101e+00
4.292707608216366498e+05 -1.764723766063950097e+04 1.000000000003669101e+02 7.576837382719758374e+00
4.293546145510028000e+05 -1.769851882674576336e+04 9.999999999784513705e+01 7.576821508222142398e+00
4.294382932592966827e+05 -1.774979999285202575e+04 9.999999999841735132e+01 7.576805289974123170e+00
4.295217969464092748e+05 -1.780108115895829178e+04 9.999999999924150984e+01 7.576788731114671549e+00
4.296051256124525098e+05 -1.785236232506455417e+04 1.000000000007545680e+02 7.576771815008127575e+00
4.296882792573589832e+05 -1.790364349117081656e+04 9.999999999819124241e+01 7.576754529512804481e+00
4.297712578811621061e+05 -1.795492465727707895e+04 9.999999999967646147e+01 7.576736877880916765e+00
4.298540614838196780e+05 -1.800620582338334498e+04 1.000000000017623876e+02 7.576718824917247908e+00
4.299366900654273923e+05 -1.805748698948960737e+04 9.999999999856110833e+01 7.576700412790962069e+00
4.300191436259346083e+05 -1.810876815559586976e+04 9.999999999854684063e+01 7.576681586693447379e+00
4.301014221653008717e+05 -1.816004932170213215e+04 1.000000000001510045e+02 7.576662347366212025e+00
4.301835256835345645e+05 -1.821133048780839817e+04 1.000000000005415615e+02 7.576642670183391992e+00
4.302654541806544876e+05 -1.826261165391466056e+04 9.999999999992884625e+01 7.576622581886680585e+00
4.303472076566656469e+05 -1.831389282002092295e+04 9.999999999701101672e+01 7.576602041189693715e+00
4.304287861116202548e+05 -1.836517398612718534e+04 1.000000000015498927e+02 7.576581038310368221e+00
4.305101895453635370e+05 -1.841645515223345137e+04 1.000000000036352219e+02 7.576559571288861150e+00
4.305914179581090575e+05 -1.846773631833971376e+04 9.999999999969244868e+01 7.576537636388721353e+00
4.306724713496692129e+05 -1.851901748444597615e+04 1.000000000003710738e+02 7.576515187570501908e+00
4.307533497201940045e+05 -1.857029865055224218e+04 1.000000000000822098e+02 7.576492254098275758e+00
4.308340530695557827e+05 -1.862157981665850457e+04 1.000000000034604000e+02 7.576468784783684463e+00
4.309145813977505895e+05 -1.867286098276476696e+04 9.999999999851738153e+01 7.576444778611111097e+00
4.309949347048971104e+05 -1.872414214887102935e+04 1.000000000006713066e+02 7.576420230381391008e+00
4.310751129908912117e+05 -1.877542331497729538e+04 1.000000000004274483e+02 7.576395123700818246e+00
4.311551162557834177e+05 -1.882670448108355777e+04 9.999999999176557708e+01 7.576369430432149166e+00
4.312349444996094680e+05 -1.887798564718982016e+04 1.000000000034177674e+02 7.576343144181945988e+00
4.313145977223242517e+05 -1.892926681329608255e+04 9.999999999919033655e+01 7.576316255865530813e+00
4.313940759238762548e+05 -1.898054797940234857e+04 1.000000000005614282e+02 7.576288741491570278e+00
4.314733791043647798e+05 -1.903182914550861460e+04 1.000000000005382930e+02 7.576260571725919490e+00
4.315525072636948316e+05 -1.908311031161487699e+04 9.999999999752613178e+01 7.576231737634445018e+00
4.316314604019303224e+05 -1.913439147772114302e+04 1.000000000005932321e+02 7.576202223074727016e+00
4.317102385190833011e+05 -1.918567264382740541e+04 1.000000000012353638e+02 7.576172010504367726e+00
4.317888416151154670e+05 -1.923695380993366780e+04 1.000000000031302534e+02 7.576141078806706730e+00
4.318672696899995790e+05 -1.928823497603993019e+04 9.999999999896813563e+01 7.576109386816517244e+00
4.319455227438163129e+05 -1.933951614214619622e+04 9.999999999900883552e+01 7.576076953827411309e+00
4.320236007764838287e+05 -1.939079730825245861e+04 9.999999999979047516e+01 7.576043709133215565e+00
4.321015037880597520e+05 -1.944207847435872100e+04 9.999999999806161100e+01 7.576009679580206324e+00
4.321792317785272026e+05 -1.949335964046498339e+04 1.000000000028353497e+02 7.575974805410057300e+00
4.322567847478642361e+05 -1.954464080657124941e+04 9.999999999984832755e+01 7.575939081832594901e+00
4.323341626961200964e+05 -1.959592197267751180e+04 1.000000000005451284e+02 7.575902458879041568e+00
4.324113656232498470e+05 -1.964720313878377419e+04 1.000000000001109157e+02 7.575864931853151241e+00
4.324883935292628594e+05 -1.969848430489004022e+04 1.000000000003289529e+02 7.575826475366033819e+00
4.325652464141761302e+05 -1.974976547099630261e+04 9.999999999942112083e+01 7.575787035883598364e+00
4.326419242779652704e+05 -1.980104663710256500e+04 9.999999999724202837e+01 7.575746608590760545e+00
4.327184271206344711e+05 -1.985232780320882739e+04 9.999999999911680959e+01 7.575705145505173377e+00
4.327947549421875738e+05 -1.990360896931509342e+04 9.999999999980353493e+01 7.575662643573345179e+00
4.328709077426975127e+05 -1.995489013542135581e+04 9.999999999997747580e+01 7.575619055627672793e+00
4.329468855220261030e+05 -2.000617130152761820e+04 1.000000000016802346e+02 7.575574320687398000e+00
4.330226882802495966e+05 -2.005745246763388059e+04 1.000000000004911271e+02 7.575528423973945102e+00
4.330983160173842916e+05 -2.010873363374014662e+04 9.999999999998799183e+01 7.575481338333736048e+00
4.331737687333988724e+05 -2.016001479984640901e+04 9.999999999904083836e+01 7.575433016502480577e+00
4.332490464283000329e+05 -2.021129596595267139e+04 9.999999999896580505e+01 7.575383406706555078e+00
4.333241491020217654e+05 -2.026257713205893378e+04 9.999999999153494912e+01 7.575332472441208331e+00
4.333990767547527212e+05 -2.031385829816519981e+04 1.000000000041044643e+02 7.575280197034789609e+00
4.334738293863253202e+05 -2.036513946427146220e+04 9.999999999931117145e+01 7.575226510881836184e+00
4.335484069967824616e+05 -2.041642063037772459e+04 9.999999999953416818e+01 7.575171349907408036e+00
4.336228095861322363e+05 -2.046770179648399062e+04 1.000000000024583073e+02 7.575114712806305661e+00
4.336970371543495567e+05 -2.051898296259025301e+04 1.000000000010029453e+02 7.575056513933937197e+00
4.337710897014698130e+05 -2.057026412869651540e+04 1.000000000028626062e+02 7.574996700129518423e+00
4.338449672274856130e+05 -2.062154529480277779e+04 1.000000000006511556e+02 7.574935235913909715e+00
4.339186697323667468e+05 -2.067282646090904382e+04 1.000000000003354046e+02 7.574872049536572227e+00
4.339921972162100137e+05 -2.072410762701530621e+04 9.999999999903175762e+01 7.574807100916055802e+00
4.340655496788360178e+05 -2.077538879312156860e+04 1.000000000021723565e+02 7.574740290933014819e+00
4.341387271204108838e+05 -2.082666995922783099e+04 9.999999999628623470e+01 7.574671591695179451e+00
4.342117295408575446e+05 -2.087795112533409701e+04 1.000000000007632366e+02 7.574600917048528892e+00
4.342845569401960238e+05 -2.092923229144035940e+04 1.000000000047760551e+02 7.574528190409616002e+00
4.343572093184358673e+05 -2.098051345754662179e+04 9.999999999858010824e+01 7.574453358609490650e+00
4.344296866755564697e+05 -2.103179462365288782e+04 1.000000000004121148e+02 7.574376333132001982e+00
4.345019890115714516e+05 -2.108307578975915021e+04 9.999999999905573134e+01 7.574297037542047306e+00
4.345741163264518254e+05 -2.113435695586541260e+04 1.000000000016463844e+02 7.574215379667504244e+00
4.346460686202365323e+05 -2.118563812197167499e+04 9.999999999968692066e+01 7.574131277254826600e+00
4.347178458929103217e+05 -2.123691928807794102e+04 9.999999999969232078e+01 7.574044622857924125e+00
4.347894481444669655e+05 -2.128820045418420341e+04 9.999999999729570277e+01 7.573955362766947808e+00
4.348608753749231109e+05 -2.133948162029046580e+04 9.999999999801983108e+01 7.573863351925418819e+00
4.349321275842700270e+05 -2.139076278639672819e+04 9.999999999881522683e+01 7.573768506595472516e+00
4.350032047724837321e+05 -2.144204395250299422e+04 1.000000000003200427e+02 7.573670716308543049e+00
4.350741069396260427e+05 -2.149332511860925661e+04 1.000000000025813591e+02 7.573569855774223925e+00
4.351448340855970746e+05 -2.154460628471551900e+04 9.999999999919333504e+01 7.573465809495103507e+00
4.352153862105102744e+05 -2.159588745082178139e+04 1.000000000041389825e+02 7.573358453814718061e+00
4.352857633142795530e+05 -2.164716861692804741e+04 1.000000000000045191e+02 7.573247657066852767e+00
4.353559653969625942e+05 -2.169844978303430980e+04 1.000000000004832259e+02 7.573133259964484942e+00
4.354259924585023546e+05 -2.174973094914057219e+04 9.999999999976411402e+01 7.573015135447299429e+00
4.354958444989545969e+05 -2.180101211524683822e+04 9.999999999894815517e+01 7.572893133193502102e+00
4.355655215182884713e+05 -2.185229328135310061e+04 1.000000000022145912e+02 7.572767065089473171e+00
4.356350235165209160e+05 -2.190357444745936300e+04 9.999999999983222665e+01 7.572636803030269093e+00
4.357043504936423269e+05 -2.195485561356562539e+04 9.999999999898138014e+01 7.572502123925057838e+00
4.357735024496412370e+05 -2.200613677967189142e+04 1.000000000030834286e+02 7.572362860711211674e+00
4.358424793845146778e+05 -2.205741794577815381e+04 9.999999999985871568e+01 7.572218796384327710e+00
4.359112812983049080e+05 -2.210869911188441620e+04 1.000000000007129017e+02 7.572069763066846981e+00
4.359799081909614615e+05 -2.215998027799067859e+04 9.999999999849842425e+01 7.571915498721976334e+00
4.360483600625144900e+05 -2.221126144409694462e+04 1.000000000028660878e+02 7.571755781073506775e+00
4.361166369129626546e+05 -2.226254261020320700e+04 9.999999999992870414e+01 7.571590378656906317e+00
4.361847387423107866e+05 -2.231382377630946939e+04 1.000000000018103350e+02 7.571419023687194105e+00
4.362526655505217495e+05 -2.236510494241573542e+04 1.000000000023753870e+02 7.571241420776005704e+00
4.363204173376355902e+05 -2.241638610852199781e+04 1.000000000043864929e+02 7.571057315293143297e+00
4.363879941036407254e+05 -2.246766727462826020e+04 1.000000000007122907e+02 7.570866376936184139e+00
4.364553958485363983e+05 -2.251894844073452259e+04 1.000000000007941310e+02 7.570668299094799991e+00
4.365226225723038078e+05 -2.257022960684078862e+04 1.000000000000604530e+02 7.570462713957139655e+00
4.365896742749670520e+05 -2.262151077294705101e+04 1.000000000008438263e+02 7.570249280030695083e+00
4.366565509565232787e+05 -2.267279193905331340e+04 9.999999999954484053e+01 7.570027595171604951e+00
4.367232526169837220e+05 -2.272407310515957579e+04 1.000000000005087912e+02 7.569797273434293317e+00
4.367897792562994873e+05 -2.277535427126584182e+04 9.999999999836889231e+01 7.569557842817903115e+00
4.368561308745247661e+05 -2.282663543737210421e+04 9.999999999984390797e+01 7.569308867691499465e+00
4.369223074716393603e+05 -2.287791660347836660e+04 9.999999999791178595e+01 7.569049865825554946e+00
4.369883090476370999e+05 -2.292919776958462899e+04 1.000000000002918199e+02 7.568780284633810140e+00
4.370541356025279383e+05 -2.298047893569089865e+04 1.000000000008019896e+02 7.568499585322085998e+00
4.371197871363039594e+05 -2.303176010179716104e+04 9.999999999962948039e+01 7.568207174143547711e+00
4.371852636489675497e+05 -2.308304126790342343e+04 9.999999999673769935e+01 7.567902421115623390e+00
4.372505651405318640e+05 -2.313432243400968946e+04 1.000000000001783462e+02 7.567584647569333356e+00
4.373156916109758895e+05 -2.318560360011595185e+04 1.000000000016387247e+02 7.567253125181745865e+00
4.373806430603096378e+05 -2.323688476622221424e+04 9.999999999802984973e+01 7.566907092205589436e+00
4.374454194885203615e+05 -2.328816593232847663e+04 9.999999999909640280e+01 7.566545714920531296e+00
4.375100208956446731e+05 -2.333944709843474266e+04 9.999999999767683789e+01 7.566168132163110016e+00
4.375744472816394991e+05 -2.339072826454100505e+04 1.000000000004643965e+02 7.565773358309345831e+00
4.376386986465263180e+05 -2.344200943064726744e+04 1.000000000015202346e+02 7.565360412247478017e+00
4.377027749903047225e+05 -2.349329059675352983e+04 1.000000000018215474e+02 7.564928182806400336e+00
4.377666763129832689e+05 -2.354457176285979585e+04 1.000000000030430698e+02 7.564475524336550905e+00
4.378304026145348907e+05 -2.359585292896605824e+04 9.999999999606916390e+01 7.564001142212261719e+00
4.378939538949782145e+05 -2.364713409507232063e+04 1.000000000077449300e+02 7.563503670781884125e+00
4.379573301543167909e+05 -2.369841526117858666e+04 9.999999999991121058e+01 7.562981686342577170e+00
4.380205313925352530e+05 -2.374969642728484905e+04 1.000000000005835545e+02 7.562433557794541628e+00
4.380835576096600853e+05 -2.380097759339111144e+04 9.999999999965800157e+01 7.561857629295642980e+00
4.381464088056611363e+05 -2.385225875949737383e+04 1.000000000012651213e+02 7.561251987740561731e+00
4.382090849805584294e+05 -2.390353992560363986e+04 1.000000000013112214e+02 7.560614669342591299e+00
4.382715861343304277e+05 -2.395482109170990225e+04 9.999999999864067490e+01 7.559943454993289791e+00
4.383339122670089710e+05 -2.400610225781616464e+04 9.999999999912466819e+01 7.559236034731620535e+00
4.383960633785752580e+05 -2.405738342392242703e+04 1.000000000032441676e+02 7.558489802422760917e+00
4.384580394690253888e+05 -2.410866459002869306e+04 9.999999999976645881e+01 7.557701956025780987e+00
4.385198405383653590e+05 -2.415994575613495545e+04 9.999999999976127185e+01 7.556869437367013553e+00
4.385814665865972056e+05 -2.421122692224121784e+04 1.000000000035314542e+02 7.555988921451831430e+00
4.386429176137223258e+05 -2.426250808834748022e+04 9.999999999957880448e+01 7.555056760139692074e+00
4.387041936197329196e+05 -2.431378925445374625e+04 9.999999999976355980e+01 7.554068913706561084e+00
4.387652946046361467e+05 -2.436507042056000864e+04 1.000000000009405881e+02 7.553021027288425948e+00
4.388262205684260698e+05 -2.441635158666627103e+04 9.999999999832051856e+01 7.551908242927921400e+00
4.388869715111083933e+05 -2.446763275277253706e+04 9.999999999920795801e+01 7.550725253377652990e+00
4.389475474326823023e+05 -2.451891391887879945e+04 1.000000000008477912e+02 7.549466172182488499e+00
4.390079483331478550e+05 -2.457019508498506184e+04 9.999999999966249220e+01 7.548124518643866132e+00
4.390681742124957964e+05 -2.462147625109132423e+04 9.999999999673730144e+01 7.546693068170718277e+00
4.391282250707453350e+05 -2.467275741719759026e+04 9.999999999973876186e+01 7.545163872109494463e+00
4.391881009078827919e+05 -2.472403858330385265e+04 9.999999999037947873e+01 7.543528016240402145e+00
4.392478017239124747e+05 -2.477531974941011504e+04 9.999999999841818976e+01 7.541775579799323559e+00
4.393073275188314728e+05 -2.482660091551637743e+04 9.999999999547254959e+01 7.539895485873513437e+00
4.393666782926473534e+05 -2.487788208162264345e+04 1.000000000005198046e+02 7.537875329597686580e+00
4.394258540453508613e+05 -2.492916324772890584e+04 9.999999999931608841e+01 7.535701133912276362e+00
4.394848547769456054e+05 -2.498044441383516823e+04 1.000000000006714629e+02 7.533357192679728698e+00
4.395436804874358349e+05 -2.503172557994143426e+04 9.999999999745716650e+01 7.530825746434349988e+00
4.396023311768179410e+05 -2.508300674604769665e+04 1.000000000032163996e+02 7.528086649598494162e+00
4.396608068450962310e+05 -2.513428791215395904e+04 9.999999999894031077e+01 7.525117070223822147e+00
4.397191074922654661e+05 -2.518556907826022143e+04 1.000000000001243592e+02 7.521890864703255630e+00
4.397772331183291390e+05 -2.523685024436648746e+04 9.999999999739355871e+01 7.518378198210453611e+00
4.398351837232883554e+05 -2.528813141047274985e+04 9.999999999672246531e+01 7.514544760733797624e+00
4.398929593071461422e+05 -2.533941257657901224e+04 1.000000000005094876e+02 7.510351009351284191e+00
4.399505598698985414e+05 -2.539069374268527463e+04 9.999999999999499778e+01 7.505751137893918568e+00
4.400079854115499184e+05 -2.544197490879154066e+04 1.000000000000048033e+02 7.500691885283275795e+00
4.400652359320980031e+05 -2.549325607489780305e+04 9.999999999950664176e+01 7.495111006565704947e+00
4.401223114315475686e+05 -2.554453724100406544e+04 1.000000000059281717e+02 7.488935465994278395e+00
4.401792119098966941e+05 -2.559581840711032783e+04 9.999999999124160865e+01 7.482079020131003233e+00
4.402359373671491630e+05 -2.564709957321659385e+04 1.000000000009316068e+02 7.474439313268543827e+00
4.402924878033063142e+05 -2.569838073932285624e+04 1.000000000024389095e+02 7.465894153954215184e+00
4.403488632183694281e+05 -2.574966190542911863e+04 1.000000000028547333e+02 7.456296683594976216e+00
4.404050636123418808e+05 -2.580094307153538466e+04 9.999999999934053108e+01 7.445469205099102261e+00
4.404610889852270484e+05 -2.585222423764164705e+04 9.999999999919543825e+01 7.433195070068992827e+00
4.405169393370281905e+05 -2.590350540374790944e+04 9.999999999839310760e+01 7.419208014599730561e+00
4.405726146677492070e+05 -2.595478656985417183e+04 9.999999999935471351e+01 7.403177899733033307e+00
4.406281149773973157e+05 -2.600606773596043786e+04 9.999999999937521977e+01 7.384691495830810304e+00
4.406834402659769403e+05 -2.605734890206670025e+04 9.999999999734772871e+01 7.363226021024415147e+00
4.407385905334975105e+05 -2.610863006817296264e+04 9.999999999816509444e+01 7.338112584651004688e+00
4.407447075372309191e+05 -2.611432797551810290e+04 1.000000000036918237e+02 7.335061662017260176e+00
4.407508223802117864e+05 -2.612002588286324317e+04 1.000000000043166182e+02 7.331953930790381158e+00
4.407569350624385406e+05 -2.612572379020838343e+04 9.999999999900090586e+01 7.328787960999629369e+00
4.407630455839106580e+05 -2.613142169755352370e+04 9.999999999764565928e+01 7.325562265804556716e+00
4.407691539446300012e+05 -2.613711960489866397e+04 1.000000000033131613e+02 7.322275398136695479e+00
4.407752601445955224e+05 -2.614281751224380423e+04 1.000000000023532181e+02 7.318925790751340088e+00
4.407813641838076874e+05 -2.614851541958894450e+04 9.999999999944465401e+01 7.315511863204948284e+00
4.407874660622664960e+05 -2.615421332693408476e+04 1.000000000067494881e+02 7.312031956394105414e+00
4.407935657799707260e+05 -2.615991123427922503e+04 1.000000000010474253e+02 7.308484372793259354e+00
4.408483660054092761e+05 -2.621119240038549106e+04 9.999999999305877907e+01 7.273202077809102661e+00
4.409029912098318455e+05 -2.626247356649175345e+04 1.000000000017189308e+02 7.230744621846392661e+00
4.409574413932613097e+05 -2.631375473259801583e+04 9.999999999403841855e+01 7.179045012633731737e+00
4.410117165557309636e+05 -2.636503589870428186e+04 1.000000000020085196e+02 7.115237772035073682e+00
4.410658166972846375e+05 -2.641631706481054425e+04 1.000000000063038499e+02 7.035258949319939781e+00
4.411197418179862434e+05 -2.646759823091680664e+04 9.999999998914177013e+01 6.933191652526979887e+00
4.411734919179287972e+05 -2.651887939702306903e+04 1.000000000014596253e+02 6.800153895861075881e+00
4.412270669972536853e+05 -2.657016056312933506e+04 9.999999998914215382e+01 6.622323863840548164e+00
4.412804670561862295e+05 -2.662144172923559745e+04 1.000000000024741951e+02 6.377244146625523413e+00
4.412804670561862295e+05 -2.667272289534185984e+04 -2.415753072211411223e-01 -4.496595743120473685e+02
4.412804670561862295e+05 -2.672400406144812223e+04 -1.058326834317147247e+00 1.283832002073802698e+02
4.412804670561862295e+05 -2.677528522755438826e+04 -1.315976899329926786e+00 9.409002405745221154e+01
4.412804670561862295e+05 -2.682656639366065065e+04 -1.433543575662509006e+00 8.352608395843074618e+01
4.412804670561862295e+05 -2.687784755976691667e+04 -1.494766667985621966e+00 7.886951377765285542e+01
4.412804670561862295e+05 -2.692912872587318270e+04 -1.527707466058361829e+00 7.657024480129747701e+01
4.412804670561862295e+05 -2.698040989197944509e+04 -1.544429342935776939e+00 7.546020199095750058e+01
4.412804670561862295e+05 -2.703169105808570748e+04 -1.550976191867877052e+00 7.504508832360671988e+01
4.412804670561862295e+05 -2.708297222419196987e+04 -1.550710506379777032e+00 7.508100628472443816e+01
4.412804670561862295e+05 -2.713425339029823590e+04 -1.545651877668475338e+00 7.543457884572815431e+01
4.412804670561862295e+05 -2.718553455640449829e+04 -1.537086491248538245e+00 7.602743955241376739e+01
4.412804670561862295e+05 -2.723681572251076068e+04 -1.525872289501642332e+00 7.681116176957945640e+01
4.412804670561862295e+05 -2.728809688861702307e+04 -1.512603472047335362e+00 7.775481575469859763e+01
4.412804670561862295e+05 -2.733937805472328910e+04 -1.497704575905212998e+00 7.883829906738451143e+01
4.412804670561862295e+05 -2.739065922082955149e+04 -1.481486971060454794e+00 8.004857610674231694e+01
4.412804670561862295e+05 -2.744194038693581388e+04 -1.464184180026062654e+00 8.137739349168630554e+01
4.412804670561862295e+05 -2.749322155304207627e+04 -1.445974756004551720e+00 8.281991687693327719e+01
4.412804670561862295e+05 -2.754450271914834229e+04 -1.426997537186401654e+00 8.437384645389617788e+01
4.412804670561862295e+05 -2.759578388525460468e+04 -1.407362085984044553e+00 8.603883318632367150e+01
4.412804670561862295e+05 -2.764706505136086707e+04 -1.387156000863558170e+00 8.781610228207522084e+01
4.412804670561862295e+05 -2.769834621746713310e+04 -1.366450144179435000e+00 8.970822301363254780e+01
4.412804670561862295e+05 -2.774962738357339549e+04 -1.345302436487733067e+00 9.171892089762062028e+01
4.412804670561862295e+05 -2.780090854967965788e+04 -1.323760671346820628e+00 9.385300545331578803e+01
4.412804670561862295e+05 -2.785218971578592027e+04 -1.301864620831655328e+00 9.611630921677263473e+01
4.412804670561862295e+05 -2.790347088189218630e+04 -1.279647637226448698e+00 9.851566963842842028e+01
4.412804670561862295e+05 -2.795475204799844869e+04 -1.257137885674400879e+00 1.010589424138750161e+02
4.412804670561862295e+05 -2.800603321410471108e+04 -1.234359304543274360e+00 1.037550472200622664e+02
4.412804670561862295e+05 -2.805731438021097347e+04 -1.211332355620087009e+00 1.066140090156611251e+02
4.412804670561862295e+05 -2.810859554631723950e+04 -1.188074622067313069e+00 1.096470381702321930e+02
4.412804670561862295e+05 -2.815987671242350189e+04 -1.164601288906942811e+00 1.128666458695217756e+02
4.412804670561862295e+05 -2.821115787852976428e+04 -1.140925524076968012e+00 1.162867362504856885e+02
4.412804670561862295e+05 -2.826243904463603030e+04 -1.117058793238293379e+00 1.199227585914856320e+02
4.412804670561862295e+05 -2.831372021074229269e+04 -1.093011114578594123e+00 1.237918635805742014e+02
4.412804670561862295e+05 -2.836500137684855508e+04 -1.068791269640942732e+00 1.279130932357487609e+02
4.412804670561862295e+05 -2.841628254295481747e+04 -1.044406975263893589e+00 1.323075803357082521e+02
4.412804670561862295e+05 -2.846756370906108350e+04 -1.019865028844824106e+00 1.369987947123356662e+02
4.412804670561862295e+05 -2.851884487516734589e+04 -9.951714288091609850e-01 1.420128171386881490e+02
4.412804670561862295e+05 -2.857012604127360828e+04 -9.703314732399223042e-01 1.473786241461480699e+02
4.412804670561862295e+05 -2.862140720737987067e+04 -9.453498446388012288e-01 1.531284289542376200e+02
4.412804670561862295e+05 -2.867268837348613670e+04 -9.202306830247488634e-01 1.592980758908112193e+02
