2.072059544293879590e+05 -6.516520084883213215e+00 9.999999999888562741e+01 7.718710931367537498e+00
2.074765064217332692e+05 -5.369322120079259264e+01 9.999999999868785494e+01 7.718630346967179534e+00
2.077463980526315281e+05 -1.008699223167019738e+02 9.999999999942373563e+01 7.718549271395009015e+00
2.080156293220589869e+05 -1.480466234326113408e+02 1.000000000016975008e+02 7.718467698893133111e+00
2.082842002299861633e+05 -1.952233245485207362e+02 1.000000000000635936e+02 7.718385622367125443e+00
2.085521107764850021e+05 -2.424000256644301317e+02 9.999999999721281085e+01 7.718303046585245575e+00
2.088193609615315218e+05 -2.895767267803394702e+02 9.999999999700744979e+01 7.718219961758633119e+00
2.090859507850033406e+05 -3.367534278962488656e+02 1.000000000002705747e+02 7.718136345542518484e+00
2.093518802471589297e+05 -3.839301290121582042e+02 9.999999999760639469e+01 7.718052231758396609e+00
2.096171493477376061e+05 -4.311068301280675996e+02 1.000000000019745841e+02 7.717967573762715361e+00
2.098817580869137601e+05 -4.782835312439769950e+02 1.000000000007639471e+02 7.717882400295560608e+00
2.101457064645881183e+05 -5.254602323598863904e+02 1.000000000012048815e+02 7.717796683795857149e+00
2.104089944809020672e+05 -5.726369334757956722e+02 9.999999999807960194e+01 7.717710447664172690e+00
2.106716221356990281e+05 -6.198136345917051813e+02 9.999999999931871741e+01 7.717623656838966895e+00
2.109335894289863354e+05 -6.669903357076144630e+02 1.000000000011689565e+02 7.717536308225292352e+00
2.111948963608335762e+05 -7.141670368235239721e+02 1.000000000002990959e+02 7.717448410416778870e+00
2.114555429312467168e+05 -7.613437379394332538e+02 9.999999999877886125e+01 7.717359959648675272e+00
2.117155291402402217e+05 -8.085204390553426492e+02 9.999999999775718607e+01 7.717270947072362830e+00
2.119748549876446777e+05 -8.556971401712520446e+02 9.999999999994945199e+01 7.717181346293274125e+00
2.122335204737338063e+05 -9.028738412871613264e+02 9.999999999963121411e+01 7.717091189581264388e+00
2.124915255982335075e+05 -9.500505424030708355e+02 1.000000000005013021e+02 7.717000434373198381e+00
2.127488703614131082e+05 -9.972272435189801172e+02 1.000000000002318075e+02 7.716909113617611560e+00
2.130055547630501387e+05 -1.044403944634889740e+03 9.999999999829505271e+01 7.716817189577206193e+00
2.132615788031926204e+05 -1.091580645750799022e+03 1.000000000007067200e+02 7.716724660318209139e+00
2.135169424818904372e+05 -1.138757346866708303e+03 9.999999999959536012e+01 7.716631529098306075e+00
2.137716457991027855e+05 -1.185934047982617813e+03 9.999999999868398959e+01 7.716537786599029225e+00
2.140256887550292013e+05 -1.233110749098527322e+03 1.000000000035605723e+02 7.716443448521388859e+00
2.142790713492787327e+05 -1.280287450214436603e+03 1.000000000021171616e+02 7.716348458813075517e+00
2.145317935821662541e+05 -1.327464151330345885e+03 9.999999999900204273e+01 7.716252860967287575e+00
2.147838554535275325e+05 -1.374640852446255167e+03 9.999999999959077002e+01 7.716156615386074336e+00
2.150352569634826214e+05 -1.421817553562164903e+03 1.000000000009347474e+02 7.716059735175152312e+00
2.152859981119924341e+05 -1.468994254678074185e+03 9.999999999912941462e+01 7.715962212226260775e+00
2.155360788989930006e+05 -1.516170955793983467e+03 1.000000000006923955e+02 7.715864028549565212e+00
2.157854993245297810e+05 -1.563347656909892748e+03 1.000000000011545467e+02 7.715765182468978800e+00
2.160342593886290852e+05 -1.610524358025802030e+03 9.999999999840736109e+01 7.715665675269182344e+00
2.162823590912980435e+05 -1.657701059141711767e+03 9.999999999979083043e+01 7.715565496320440531e+00
2.165297984324600839e+05 -1.704877760257621048e+03 9.999999999769812575e+01 7.715464635900879387e+00
2.167765774121762370e+05 -1.752054461373530330e+03 1.000000000007372165e+02 7.715363081677477197e+00
2.170226960304643726e+05 -1.799231162489439612e+03 1.000000000001542304e+02 7.715260841298324124e+00
2.172681542872395075e+05 -1.846407863605349348e+03 1.000000000020057911e+02 7.715157890066977053e+00
2.175129521826056298e+05 -1.893584564721258630e+03 1.000000000001341931e+02 7.715054242532557005e+00
2.177570897164126218e+05 -1.940761265837167912e+03 1.000000000001491856e+02 7.714949862143868131e+00
2.180005668888915097e+05 -1.987937966953077193e+03 9.999999999896427028e+01 7.714844779658878160e+00
2.182433836998176703e+05 -2.035114668068986475e+03 9.999999999884153112e+01 7.714738951117329435e+00
2.184855401492927049e+05 -2.082291369184896212e+03 9.999999999841368492e+01 7.714632383159796269e+00
2.187270362373635289e+05 -2.129468070300805266e+03 1.000000000013868089e+02 7.714525076860969222e+00
2.189678719638514158e+05 -2.176644771416714775e+03 9.999999999784773763e+01 7.714417002262029754e+00
2.192080473290060181e+05 -2.223821472532624284e+03 9.999999999870169631e+01 7.714308182504421296e+00
2.194475623326982022e+05 -2.270998173648533339e+03 9.999999999998901501e+01 7.714198592458011206e+00
2.196864169748322747e+05 -2.318174874764442848e+03 1.000000000000633378e+02 7.714088208302495531e+00
2.199246112555838772e+05 -2.365351575880351902e+03 9.999999999982352961e+01 7.713977052528659506e+00
2.201621451747659012e+05 -2.412528276996261866e+03 9.999999999960851937e+01 7.713865077934952907e+00
2.203990187326180458e+05 -2.459704978112171375e+03 9.999999999958389196e+01 7.713752327130263708e+00
2.206352319289545994e+05 -2.506881679228080429e+03 1.000000000013136514e+02 7.713638751351317602e+00
2.208707847638293169e+05 -2.554058380343989938e+03 1.000000000000048033e+02 7.713524354773305447e+00
2.211056772372710693e+05 -2.601235081459898993e+03 1.000000000001245013e+02 7.713409136803632826e+00
2.213399093492058455e+05 -2.648411782575808502e+03 1.000000000017017925e+02 7.713293064917812636e+00
2.215734810997023596e+05 -2.695588483691718011e+03 1.000000000012176997e+02 7.713176155227064790e+00
2.218063924887268222e+05 -2.742765184807627065e+03 1.000000000003748397e+02 7.713058383831969955e+00
2.220386435162900889e+05 -2.789941885923536574e+03 9.999999999938968642e+01 7.712939744987296287e+00
2.222702341824848845e+05 -2.837118587039446538e+03 1.000000000007850645e+02 7.712820247161581655e+00
2.225011644870676100e+05 -2.884295288155355593e+03 9.999999999918671278e+01 7.712699836735122716e+00
2.227314344302102982e+05 -2.931471989271265102e+03 9.999999999853852728e+01 7.712578530574727864e+00
2.229610440119291598e+05 -2.978648690387174156e+03 1.000000000018320350e+02 7.712456325522106582e+00
2.231899932322331588e+05 -3.025825391503083665e+03 1.000000000018548150e+02 7.712333212455003917e+00
2.234182820910901355e+05 -3.073002092618993174e+03 1.000000000058413860e+02 7.712209174964321790e+00
2.236459105883471784e+05 -3.120178793734902229e+03 9.999999999690750485e+01 7.712084185053374341e+00
2.238728787242390972e+05 -3.167355494850811738e+03 1.000000000019016539e+02 7.711958253665875063e+00
2.240991864986873697e+05 -3.214532195966720792e+03 1.000000000005793055e+02 7.711831371309260774e+00
2.243248339116515708e+05 -3.261708897082630756e+03 1.000000000010496990e+02 7.711703515110341911e+00
2.245498209631361242e+05 -3.308885598198540265e+03 1.000000000008896137e+02 7.711574675456263073e+00
2.247741476531518856e+05 -3.356062299314449319e+03 1.000000000004491483e+02 7.711444840068477191e+00
2.249978139817363408e+05 -3.403239000430358828e+03 9.999999999918361482e+01 7.711314010644576555e+00
2.252208199488792743e+05 -3.450415701546267883e+03 1.000000000025002720e+02 7.711182165859530535e+00
2.254431655544647365e+05 -3.497592402662177392e+03 9.999999999842486886e+01 7.711049282220051815e+00
2.256648507986968616e+05 -3.544769103778086901e+03 9.999999999983025134e+01 7.710915375496543156e+00
2.258858756813131913e+05 -3.591945804893995955e+03 9.999999999533272899e+01 7.710780392695123275e+00
2.261062402026816271e+05 -3.639122506009905464e+03 9.999999999945178786e+01 7.710644382147486375e+00
2.263259443624638079e+05 -3.686299207125814974e+03 1.000000000002285674e+02 7.710507273431802311e+00
2.265449881608517317e+05 -3.733475908241724483e+03 9.999999999805351081e+01 7.710369092821314219e+00
2.267633715977380052e+05 -3.780652609357633992e+03 1.000000000010859509e+02 7.710229798511557320e+00
2.269810946731131698e+05 -3.827829310473543046e+03 1.000000000006681233e+02 7.710089381170054601e+00
2.271981573870913126e+05 -3.875006011589452555e+03 1.000000000009988668e+02 7.709947850198091146e+00
2.274145597396067460e+05 -3.922182712705361610e+03 9.999999999962507502e+01 7.709805176879500621e+00
2.276303017306289694e+05 -3.969359413821271119e+03 9.999999999847446475e+01 7.709661344154856266e+00
2.278453833602002414e+05 -4.016536114937180628e+03 9.999999999992228084e+01 7.709516338479655673e+00
2.280598046282875584e+05 -4.063712816053089682e+03 1.000000000002610534e+02 7.709370147288568731e+00
2.282735655349673762e+05 -4.110889517168999191e+03 1.000000000001125500e+02 7.709222770848381145e+00
2.284866660801661783e+05 -4.158066218284909155e+03 1.000000000004023093e+02 7.709074174744547037e+00
2.286991062639095180e+05 -4.205242919400818209e+03 1.000000000001570584e+02 7.708924353974611954e+00
2.289108860861623543e+05 -4.252419620516727264e+03 9.999999999949226037e+01 7.708773283039938029e+00
2.291220055469898507e+05 -4.299596321632636318e+03 1.000000000003468017e+02 7.708620962256186537e+00
2.293324646463394165e+05 -4.346773022748545372e+03 9.999999999971372233e+01 7.708467362952100110e+00
2.295422633841790666e+05 -4.393949723864455336e+03 9.999999999981339727e+01 7.708312463707041040e+00
2.297514017606311536e+05 -4.441126424980364391e+03 1.000000000010772823e+02 7.708156273833592920e+00
2.299598797755907290e+05 -4.488303126096273445e+03 1.000000000015657093e+02 7.707998752231403294e+00
2.301676974290716753e+05 -4.535479827212183409e+03 9.999999999818182062e+01 7.707839890672833150e+00
2.303748547211405821e+05 -4.582656528328092463e+03 1.000000000009000445e+02 7.707679680600581840e+00
2.305813516517036478e+05 -4.629833229444001518e+03 1.000000000005784102e+02 7.707518086962823922e+00
2.307871882208112802e+05 -4.677009930559911481e+03 1.000000000004389165e+02 7.707355102792665669e+00
2.309923644284976472e+05 -4.724186631675820536e+03 9.999999999921487870e+01 7.707190720982673326e+00
2.311968802746918809e+05 -4.771363332791730500e+03 1.000000000001841869e+02 7.707024901334101230e+00
2.314007357594232890e+05 -4.818540033907640463e+03 9.999999999964983033e+01 7.706857634398955881e+00
2.316039308827113709e+05 -4.865716735023549518e+03 9.999999999919593563e+01 7.706688906734806110e+00
2.318064656445069704e+05 -4.912893436139458572e+03 1.000000000000088107e+02 7.706518685407869995e+00
2.320083400448405009e+05 -4.960070137255367626e+03 9.999999999930575711e+01 7.706346962737588235e+00
2.322095540837575390e+05 -5.007246838371277590e+03 9.999999999923976191e+01 7.706173724158615457e+00
2.324101077611713263e+05 -5.054423539487186645e+03 9.999999999850226118e+01 7.705998932842209825e+00
2.326100010771394300e+05 -5.101600240603095699e+03 9.999999999802329853e+01 7.705822577629088066e+00
2.328092340316367627e+05 -5.148776941719005663e+03 1.000000000000357829e+02 7.705644632661782900e+00
2.330078066246574745e+05 -5.195953642834914717e+03 1.000000000007011920e+02 7.705465079385070304e+00
2.332057188562749943e+05 -5.243130343950823772e+03 1.000000000032447076e+02 7.705283907277111766e+00
2.334029707263994787e+05 -5.290307045066733735e+03 9.999999999627642921e+01 7.705101084820230817e+00
2.335995622350639314e+05 -5.337483746182642790e+03 1.000000000004430660e+02 7.704916578854949627e+00
2.337954933822467574e+05 -5.384660447298551844e+03 9.999999999894671987e+01 7.704730374842710283e+00
2.339907641679902445e+05 -5.431837148414460898e+03 9.999999999903469927e+01 7.704542455142409096e+00
2.341853745922654634e+05 -5.479013849530370862e+03 9.999999999794103189e+01 7.704352790172250387e+00
2.343793246550857439e+05 -5.526190550646279917e+03 1.000000000029127847e+02 7.704161352932444196e+00
2.345726143564220692e+05 -5.573367251762188971e+03 1.000000000018239490e+02 7.703968121896941135e+00
2.347652436963189102e+05 -5.620543952878099844e+03 9.999999999334404777e+01 7.703773084191401388e+00
2.349572126747799048e+05 -5.667720653994008899e+03 1.000000000014939303e+02 7.703576195737118937e+00
2.351485212917220488e+05 -5.714897355109917953e+03 9.999999999940156670e+01 7.703377429606703686e+00
2.353391695472535794e+05 -5.762074056225827917e+03 9.999999999981625365e+01 7.703176779536446972e+00
2.355291574412655609e+05 -5.809250757341736971e+03 9.999999999801850947e+01 7.702974188937782074e+00
2.357184849738935591e+05 -5.856427458457646026e+03 1.000000000008021175e+02 7.702769667387672214e+00
2.359071521449955762e+05 -5.903604159573555080e+03 9.999999999949184826e+01 7.702563148353964273e+00
2.360951589546604082e+05 -5.950780860689465044e+03 9.999999999861674382e+01 7.702354629681075870e+00
2.362825054028534505e+05 -5.997957561805374098e+03 1.000000000004187797e+02 7.702144066426372504e+00
2.364691914895770024e+05 -6.045134262921283153e+03 1.000000000011545467e+02 7.701931433890028877e+00
2.366552172148675309e+05 -6.092310964037193116e+03 9.999999999901115189e+01 7.701716715087147946e+00
2.368405825787022768e+05 -6.139487665153102171e+03 1.000000000008405863e+02 7.701499866059001498e+00
2.370252875810546684e+05 -6.186664366269011225e+03 9.999999999976714093e+01 7.701280851343646816e+00
2.372093322219596012e+05 -6.233841067384921189e+03 9.999999999988982324e+01 7.701059647618977877e+00
2.373927165013562189e+05 -6.281017768500830243e+03 9.999999999956990848e+01 7.700836202260405550e+00
2.375754404193570663e+05 -6.328194469616739298e+03 1.000000000009083294e+02 7.700610518170639018e+00
2.377575039758675266e+05 -6.375371170732649261e+03 9.999999999926517091e+01 7.700382534017427894e+00
2.379389071708968550e+05 -6.422547871848558316e+03 9.999999999724055044e+01 7.700152214672567830e+00
2.381196500045273569e+05 -6.469724572964467370e+03 9.999999999982640020e+01 7.699919548549841508e+00
2.382997324766381353e+05 -6.516901274080377334e+03 9.999999999906889059e+01 7.699684464635113024e+00
2.384791545872977877e+05 -6.564077975196287298e+03 9.999999999889828928e+01 7.699446946231924827e+00
2.386579163365122513e+05 -6.611254676312196352e+03 1.000000000012043131e+02 7.699206956474219155e+00
2.388360177242489881e+05 -6.658431377428105407e+03 9.999999999958120611e+01 7.698964448879181077e+00
2.390134587505105592e+05 -6.705608078544015370e+03 9.999999999932302330e+01 7.698719382084851404e+00
2.391902394153758360e+05 -6.752784779659924425e+03 1.000000000021541098e+02 7.698471742665584650e+00
2.393663597187089326e+05 -6.799961480775833479e+03 1.000000000000427463e+02 7.698221447231179404e+00
2.395418196606244310e+05 -6.847138181891743443e+03 1.000000000003572751e+02 7.697968489335416109e+00
2.397166192410284129e+05 -6.894314883007652497e+03 9.999999999782458815e+01 7.697712793682016219e+00
2.398907584600179980e+05 -6.941491584123561552e+03 1.000000000006904344e+02 7.697454347984099776e+00
2.400642373175381508e+05 -6.988668285239470606e+03 9.999999999993055155e+01 7.697193094309611183e+00
2.402370558135950996e+05 -7.035844986355380570e+03 1.000000000005880025e+02 7.696928985239887666e+00
2.404092139481792110e+05 -7.083021687471289624e+03 1.000000000003268781e+02 7.696661970653898344e+00
2.405807117213120218e+05 -7.130198388587198679e+03 9.999999999916440174e+01 7.696392013222054018e+00
2.407515491329915531e+05 -7.177375089703108642e+03 9.999999999941027795e+01 7.696119061304412590e+00
2.409217261832067452e+05 -7.224551790819017697e+03 9.999999999898065539e+01 7.695843060449496065e+00
2.410912428719347226e+05 -7.271728491934926751e+03 9.999999999974124876e+01 7.695563950695171407e+00
2.412600991992401250e+05 -7.318905193050836715e+03 9.999999999947574736e+01 7.695281707784440428e+00
2.414282951650519972e+05 -7.366081894166746679e+03 1.000000000016129746e+02 7.694996246127598916e+00
2.415958307694063697e+05 -7.413258595282655733e+03 9.999999999996623501e+01 7.694707531917460486e+00
2.417627060123112169e+05 -7.460435296398564788e+03 1.000000000017279405e+02 7.694415506452230602e+00
2.419289208937488438e+05 -7.507611997514474751e+03 1.000000000035074237e+02 7.694120108093023269e+00
2.420944754137502168e+05 -7.554788698630383806e+03 1.000000000008665779e+02 7.693821296031272183e+00
2.422593695722586417e+05 -7.601965399746292860e+03 1.000000000006789662e+02 7.693518979828103177e+00
2.424236033693251957e+05 -7.649142100862202824e+03 1.000000000009447945e+02 7.693213123385001850e+00
2.425871768049216771e+05 -7.696318801978111878e+03 1.000000000060993273e+02 7.692903647446228454e+00
2.427500898790539941e+05 -7.743495503094020933e+03 1.000000000012486936e+02 7.692590503493325294e+00
2.429123425917057903e+05 -7.790672204209930896e+03 1.000000000018705464e+02 7.692273605308885820e+00
2.430739349429157737e+05 -7.837848905325839951e+03 9.999999999987724664e+01 7.691952911400819382e+00
2.432348669326777454e+05 -7.885025606441749005e+03 1.000000000009514309e+02 7.691628344899658742e+00
2.433951385609910358e+05 -7.932202307557658969e+03 9.999999999977785592e+01 7.691299841001342230e+00
2.435547498277825653e+05 -7.979379008673568023e+03 9.999999999993804067e+01 7.690967288520418776e+00
2.437137007331261120e+05 -8.026555709789477078e+03 9.999999999795501537e+01 7.690630653256492977e+00
2.438719912770790106e+05 -8.073732410905386132e+03 1.000000000001253682e+02 7.690289881874013744e+00
2.440296214594934718e+05 -8.120909112021296096e+03 1.000000000015689636e+02 7.689944830147838140e+00
2.441865912804757827e+05 -8.168085813137205150e+03 9.999999999985321608e+01 7.689595472260388753e+00
2.443429007400127593e+05 -8.215262514253116024e+03 1.000000000000846399e+02 7.689241717532392606e+00
2.444985498380588833e+05 -8.262439215369024168e+03 9.999999999827119268e+01 7.688883461464585345e+00
2.446535385746711399e+05 -8.309615916484934132e+03 1.000000000007929515e+02 7.688520643981539671e+00
2.448078669497893134e+05 -8.356792617600842277e+03 1.000000000013952643e+02 7.688153151373064986e+00
2.449615349634695158e+05 -8.403969318716752241e+03 9.999999999925383065e+01 7.687780925172537749e+00
2.451145426156835456e+05 -8.451146019832660386e+03 1.000000000004105374e+02 7.687403852043101615e+00
2.452668899064533471e+05 -8.498322720948572169e+03 1.000000000004987726e+02 7.687021853984747466e+00
2.454185768357100605e+05 -8.545499422064480314e+03 9.999999999900580860e+01 7.686634797320508028e+00
2.455696034035563061e+05 -8.592676123180390277e+03 9.999999999952197527e+01 7.686242636286986674e+00
2.457199696099014836e+05 -8.639852824296300241e+03 9.999999999396104045e+01 7.685845225479861931e+00
2.458696754548256285e+05 -8.687029525412208386e+03 9.999999999830498609e+01 7.685442492087435795e+00
2.460187209383068257e+05 -8.734206226528118350e+03 1.000000000038312749e+02 7.685034323932681488e+00
2.461671060602714133e+05 -8.781382927644026495e+03 9.999999999847054255e+01 7.684620579165111209e+00
2.463148308207867085e+05 -8.828559628759938278e+03 1.000000000004291394e+02 7.684201167172730607e+00
2.464618952198664483e+05 -8.875736329875846423e+03 1.000000000070631643e+02 7.683775983194213843e+00
2.466082992574586824e+05 -8.922913030991756386e+03 1.000000000019144153e+02 7.683344891386895803e+00
2.467540429335801746e+05 -8.970089732107664531e+03 9.999999999947907270e+01 7.682907765444378256e+00
2.468991262482579623e+05 -9.017266433223574495e+03 9.999999999648966309e+01 7.682464499615383247e+00
2.470435492014909978e+05 -9.064443134339482640e+03 1.000000000019544473e+02 7.682014955863365024e+00
2.471873117932305904e+05 -9.111619835455394423e+03 1.000000000037389754e+02 7.681558981263303387e+00
2.473304140235446393e+05 -9.158796536571302568e+03 1.000000000005002505e+02 7.681096483898874894e+00
2.474728558923460951e+05 -9.205973237687212531e+03 9.999999999849300991e+01 7.680627260205179496e+00
2.476146373997209303e+05 -9.253149938803120676e+03 9.999999999917055504e+01 7.680151220535870848e+00
2.477557585456557863e+05 -9.300326639919030640e+03 9.999999999539005557e+01 7.679668214605931631e+00
2.478962193301037478e+05 -9.347503341034938785e+03 1.000000000010153798e+02 7.679178044959092730e+00
2.480360197530655423e+05 -9.394680042150848749e+03 1.000000000007940457e+02 7.678680566675059715e+00
2.481751598146072065e+05 -9.441856743266758713e+03 1.000000000008138556e+02 7.678175659222757687e+00
2.483136395146581344e+05 -9.489033444382668677e+03 9.999999999913693216e+01 7.677663106560492778e+00
2.484514588532753696e+05 -9.536210145498578640e+03 1.000000000003943654e+02 7.677142773582298574e+00
2.485886178304180794e+05 -9.583386846614486785e+03 1.000000000014374564e+02 7.676614456533198627e+00
2.487251164460881264e+05 -9.630563547730396749e+03 9.999999999807761242e+01 7.676077977031174449e+00
2.488609547003027692e+05 -9.677740248846304894e+03 9.999999999904213155e+01 7.675533152126639891e+00
2.489961325930694002e+05 -9.724916949962216677e+03 1.000000000011295924e+02 7.674979796476392835e+00
2.491306501243600796e+05 -9.772093651078124822e+03 9.999999999777563175e+01 7.674417694947158530e+00
2.492645072941946564e+05 -9.819270352194034785e+03 1.000000000007203482e+02 7.673846645098589825e+00
2.493977041025742656e+05 -9.866447053309942930e+03 1.000000000011295924e+02 7.673266443646538981e+00
2.495302405494916602e+05 -9.913623754425852894e+03 9.999999999821922358e+01 7.672676866570297349e+00
2.496621166349411942e+05 -9.960800455541761039e+03 1.000000000009634107e+02 7.672077673656363395e+00
2.497933323589182692e+05 -1.000797715665767100e+04 9.999999999967894837e+01 7.671468636617898795e+00
2.499238877214461972e+05 -1.005515385777358097e+04 1.000000000016148931e+02 7.670849526532128593e+00
2.500537827225166548e+05 -1.010233055888949093e+04 9.999999999983556620e+01 7.670220093599420252e+00
2.501830173621159338e+05 -1.014950726000539908e+04 9.999999999949486096e+01 7.669580064260085983e+00
2.503115916402553266e+05 -1.019668396112130904e+04 9.999999999984042631e+01 7.668929182977576531e+00
2.504395055569392571e+05 -1.024386066223721718e+04 9.999999999967941733e+01 7.668267179692222157e+00
2.505667591121661535e+05 -1.029103736335312715e+04 9.999999999889121227e+01 7.667593769560117067e+00
2.506933523059359868e+05 -1.033821406446903529e+04 1.000000000041506638e+02 7.666908652061909635e+00
2.508192851382152585e+05 -1.038539076558494708e+04 9.999999999988280308e+01 7.666211506805924003e+00
2.509445576090560062e+05 -1.043256746670085704e+04 1.000000000011738308e+02 7.665502054697887147e+00
2.510691697184321820e+05 -1.047974416781676518e+04 1.000000000018340387e+02 7.664779950879342607e+00
2.511931214663432329e+05 -1.052692086893267515e+04 1.000000000003595773e+02 7.664044860363957490e+00
2.513164128528020810e+05 -1.057409757004858329e+04 9.999999999883233670e+01 7.663296444520502071e+00
2.514390438777814561e+05 -1.062127427116449326e+04 1.000000000020775843e+02 7.662534310859057562e+00
2.515610145413074642e+05 -1.066845097228040322e+04 1.000000000012914825e+02 7.661758119712223980e+00
2.516823248433743138e+05 -1.071562767339631318e+04 9.999999999974933473e+01 7.660967474357402551e+00
2.518029747839887568e+05 -1.076280437451222133e+04 9.999999999900612124e+01 7.660161979444451319e+00
2.519229643631255894e+05 -1.080998107562813129e+04 1.000000000002118270e+02 7.659341189388753968e+00
2.520422935808092298e+05 -1.085715777674403944e+04 9.999999999961238473e+01 7.658504702320190205e+00
2.521609624370306556e+05 -1.090433447785994940e+04 9.999999999974230036e+01 7.657652057155022618e+00
2.522789709317979869e+05 -1.095151117897585755e+04 1.000000000008825225e+02 7.656782797862268453e+00
2.523963190650930046e+05 -1.099868788009176933e+04 9.999999999984468957e+01 7.655896422460254591e+00
2.525130068369312212e+05 -1.104586458120767747e+04 9.999999999855111810e+01 7.654992445142085877e+00
2.526290342473073688e+05 -1.109304128232358744e+04 1.000000000003676206e+02 7.654070335263001290e+00
2.527444012962161505e+05 -1.114021798343949558e+04 1.000000000026533229e+02 7.653129546221467017e+00
2.528591079836733697e+05 -1.118739468455540555e+04 1.000000000013777708e+02 7.652169537100496299e+00
2.529731543096567038e+05 -1.123457138567131551e+04 1.000000000000637783e+02 7.651189690766850404e+00
2.530865402741939761e+05 -1.128174808678722547e+04 9.999999999696566988e+01 7.650189433298834274e+00
2.531992658772597788e+05 -1.132892478790313544e+04 9.999999999946106755e+01 7.649168090777962448e+00
2.533113311188685184e+05 -1.137610148901904358e+04 1.000000000021719302e+02 7.648125024553800166e+00
2.534227359989930992e+05 -1.142327819013495355e+04 9.999999999909154269e+01 7.647059514752188036e+00
2.535334805176803784e+05 -1.147045489125086169e+04 9.999999999907208803e+01 7.645970898731098586e+00
2.536435646749061707e+05 -1.151763159236677166e+04 1.000000000012616113e+02 7.644858396029816205e+00
2.537529884706717858e+05 -1.156480829348267980e+04 9.999999999851610255e+01 7.643721233613280042e+00
2.538617519049658731e+05 -1.161198499459859158e+04 9.999999999794593464e+01 7.642558574105683178e+00
2.539698549778044398e+05 -1.165916169571449973e+04 1.000000000021503155e+02 7.641369587023869592e+00
2.540772976891698781e+05 -1.170633839683040969e+04 9.999999999915149829e+01 7.640153368332924799e+00
2.541840800390933873e+05 -1.175351509794631784e+04 9.999999999778509618e+01 7.638909029744474388e+00
2.542902020275376854e+05 -1.180069179906222780e+04 9.999999999782860982e+01 7.637635543260254067e+00
2.543956636545314977e+05 -1.184786850017813595e+04 9.999999999960709829e+01 7.636331938625676052e+00
2.545004649200596905e+05 -1.189504520129404773e+04 1.000000000021740050e+02 7.634997130719215264e+00
2.546046058241276187e+05 -1.194222190240995587e+04 1.000000000012063452e+02 7.633630020564518226e+00
2.547080863667233789e+05 -1.198939860352586584e+04 1.000000000001898002e+02 7.632229420383569440e+00
2.548109065478640259e+05 -1.203657530464177398e+04 1.000000000007565575e+02 7.630794137328352100e+00
2.549130663675516844e+05 -1.208375200575768395e+04 1.000000000006044729e+02 7.629322899263822677e+00
2.550145658257713076e+05 -1.213092870687359391e+04 9.999999999970972908e+01 7.627814337121247235e+00
2.551154049225279596e+05 -1.217810540798950205e+04 1.000000000025634819e+02 7.626267047353835871e+00
2.552155836578198941e+05 -1.222528210910541384e+04 9.999999999857244859e+01 7.624679557302544985e+00
2.553151020316561044e+05 -1.227245881022132198e+04 9.999999999935889150e+01 7.623050319381472484e+00
2.554139600440308568e+05 -1.231963551133723195e+04 9.999999999885687885e+01 7.621377694875912212e+00
2.555121576949351875e+05 -1.236681221245314009e+04 1.000000000004745857e+02 7.619659942866514157e+00
2.556096949843845796e+05 -1.241398891356905006e+04 9.999999999578342624e+01 7.617895293774161303e+00
2.557065719123706804e+05 -1.246116561468495820e+04 9.999999999975597120e+01 7.616081810843169819e+00
2.558027884788935189e+05 -1.250834231580086816e+04 9.999999999951089080e+01 7.614217496664414497e+00
2.558983446839567332e+05 -1.255551901691677813e+04 1.000000000003885958e+02 7.612300236853660529e+00
2.559932405275550263e+05 -1.260269571803268809e+04 1.000000000053997553e+02 7.610327780884894366e+00
2.560874760096914542e+05 -1.264987241914859624e+04 9.999999999840986220e+01 7.608297788615432822e+00
2.561810511303687817e+05 -1.269704912026450620e+04 1.000000000004487077e+02 7.606207753420117790e+00
2.562739658895852335e+05 -1.274422582138041435e+04 1.000000000024310509e+02 7.604055040140249133e+00
2.563662202873372298e+05 -1.279140252249632431e+04 9.999999999812517615e+01 7.601836852943711698e+00
2.564578143236229371e+05 -1.283857922361223427e+04 1.000000000012693704e+02 7.599550215422143928e+00
2.565487479984542297e+05 -1.288575592472814424e+04 9.999999999702460229e+01 7.597192036980336738e+00
2.566390213118127431e+05 -1.293293262584405238e+04 9.999999999860905575e+01 7.594758929162034100e+00
2.567286342637152411e+05 -1.298010932695996235e+04 1.000000000005278622e+02 7.592247411229106291e+00
2.568175868541584059e+05 -1.302728602807587231e+04 9.999999999649087101e+01 7.589653727303819153e+00
2.569058790831364167e+05 -1.307446272919178045e+04 1.000000000001944187e+02 7.586973856103502278e+00
2.569935109506484878e+05 -1.312163943030769042e+04 9.999999999847238996e+01 7.584203557596016054e+00
2.570804824566982279e+05 -1.316881613142360038e+04 9.999999999774952641e+01 7.581338309356392635e+00
2.571667936012919527e+05 -1.321599283253951035e+04 1.000000000055043614e+02 7.578373297008966780e+00
2.572524443844159250e+05 -1.326316953365541849e+04 9.999999999621552149e+01 7.575303344666685312e+00
2.573374348060800112e+05 -1.331034623477132845e+04 9.999999999568642295e+01 7.572122953141242618e+00
2.574217648662793508e+05 -1.335752293588723660e+04 9.999999999440377962e+01 7.568826222955985727e+00
2.575054345650234900e+05 -1.340469963700314656e+04 9.999999999867921474e+01 7.565406873976121105e+00
2.575884439022977313e+05 -1.345187633811905653e+04 1.000000000000575398e+02 7.561858096473677016e+00
2.576707928781090304e+05 -1.349905303923496649e+04 1.000000000055056972e+02 7.558172650975279794e+00
2.577524814924598613e+05 -1.354622974035087464e+04 1.000000000016009807e+02 7.554342759723367884e+00
2.578335097453424823e+05 -1.359340644146678460e+04 9.999999999820263952e+01 7.550359992334753301e+00
2.579138776367664977e+05 -1.364058314258269274e+04 9.999999999910622250e+01 7.546215347908314719e+00
2.579935851667232637e+05 -1.368775984369860271e+04 9.999999999916147431e+01 7.541899047293377123e+00
2.580726323352187756e+05 -1.373493654481451085e+04 1.000000000020400961e+02 7.537400587196751545e+00
2.581510191422504140e+05 -1.378211324593042264e+04 1.000000000011803394e+02 7.532708579251685244e+00
2.582287455878152687e+05 -1.382928994704633260e+04 9.999999999831089781e+01 7.527810679769641133e+00
2.583058116719162208e+05 -1.387646664816224074e+04 1.000000000038013042e+02 7.522693522786926046e+00
2.583822173945535906e+05 -1.392364334927815071e+04 9.999999998985749983e+01 7.517342611855992729e+00
2.584579627557277563e+05 -1.397082005039405885e+04 9.999999999040039711e+01 7.511742118904470189e+00
2.585330477554352547e+05 -1.401799675150996882e+04 1.000000000011962840e+02 7.505874809322432561e+00
2.586074723936782975e+05 -1.406517345262587696e+04 9.999999999920048310e+01 7.499721919848301610e+00
2.586812366704583692e+05 -1.411235015374178874e+04 1.000000000036275480e+02 7.493262887425172103e+00
2.587543405857680191e+05 -1.415952685485769689e+04 9.999999999473793366e+01 7.486475162752821433e+00
2.588267841396151634e+05 -1.420670355597360685e+04 1.000000000001047766e+02 7.479334050389510935e+00
2.588985673319924099e+05 -1.425388025708951500e+04 1.000000000024444660e+02 7.471812325768913077e+00
2.589696901629044150e+05 -1.430105695820542496e+04 1.000000000007073453e+02 7.463880050870370653e+00
2.590401526323486469e+05 -1.434823365932133311e+04 1.000000000023303954e+02 7.455504094296888873e+00
2.591099547403265315e+05 -1.439541036043724489e+04 1.000000000035284415e+02 7.446647817325643182e+00
2.591790964868351875e+05 -1.444258706155315303e+04 9.999999999950829022e+01 7.437270522880159440e+00
2.592475778718747315e+05 -1.448976376266906300e+04 9.999999999685344676e+01 7.427326946934295293e+00
2.593153988954446686e+05 -1.453694046378497114e+04 9.999999999937391237e+01 7.416766597732888933e+00
2.593825595575423795e+05 -1.458411716490088111e+04 9.999999999280403529e+01 7.405532991794526509e+00
2.594490598581707163e+05 -1.463129386601678925e+04 9.999999999977039522e+01 7.393562790121612771e+00
2.595148997973281948e+05 -1.467847056713269922e+04 1.000000000011708039e+02 7.380784720645311658e+00
2.595800793750098092e+05 -1.472564726824861100e+04 9.999999999916235538e+01 7.367118272313766703e+00
2.596445985912178003e+05 -1.477282396936451914e+04 9.999999999864861877e+01 7.352472344844545482e+00
2.597084574459495489e+05 -1.482000067048042911e+04 1.000000000007835013e+02 7.336743340086210097e+00
2.597155121111994376e+05 -1.482524252615997466e+04 9.999999999952957808e+01 7.334923846965908822e+00
2.597225586238380056e+05 -1.483048438183952021e+04 9.999999999848022014e+01 7.333089360056134431e+00
2.597295969838655728e+05 -1.483572623751906576e+04 1.000000000000827782e+02 7.331239704814580094e+00
2.597366271912824304e+05 -1.484096809319861131e+04 1.000000000080075040e+02 7.329374701941760328e+00
2.597436492460873269e+05 -1.484620994887815505e+04 9.999999999898048486e+01 7.327494173468119598e+00
2.597506631482831144e+05 -1.485145180455770060e+04 1.000000000012321522e+02 7.325597947549074895e+00
2.597576688978679304e+05 -1.485669366023724615e+04 9.999999999837832831e+01 7.323685825212357337e+00
2.597646664948414837e+05 -1.486193551591679170e+04 1.000000000012184671e+02 7.321757602715105229e+00
2.597716559392055206e+05 -1.486717737159633725e+04 1.000000000055821232e+02 7.319813112971045754e+00
2.598341940709792834e+05 -1.491435407271224722e+04 9.999999999753632096e+01 7.301546260774260055e+00
2.598960718412719725e+05 -1.496153077382815536e+04 1.000000000026260807e+02 7.281787116758038358e+00
2.599572892500819871e+05 -1.500870747494406714e+04 9.999999999821893937e+01 7.260355842318921837e+00
2.600178462974047288e+05 -1.505588417605997529e+04 1.000000000020082638e+02 7.237043587436391867e+00
2.600777429832368798e+05 -1.510306087717588525e+04 1.000000000014889139e+02 7.211606734487802761e+00
2.601369793075759371e+05 -1.515023757829179340e+04 1.000000000012286847e+02 7.183759514440025917e+00
2.601955552704168367e+05 -1.519741427940770336e+04 1.000000000023130724e+02 7.153164716391758660e+00
2.602534708717533795e+05 -1.524459098052361151e+04 9.999999999906309256e+01 7.119421988412792501e+00
2.603107261115804722e+05 -1.529176768163952147e+04 9.999999999650330551e+01 7.082052869647542437e+00
2.603673209898899368e+05 -1.533894438275543143e+04 1.000000000022371154e+02 7.040481314564095427e+00
2.604232555066719069e+05 -1.538612108387134140e+04 1.000000000013248354e+02 6.994008429220585299e+00
2.604785296619163128e+05 -1.543329778498724954e+04 1.000000000084060048e+02 6.941779064313664982e+00
2.605331434556082822e+05 -1.548047448610315951e+04 9.999999999306687926e+01 6.882737110213751563e+00
2.605870968877303530e+05 -1.552765118721906765e+04 9.999999999668838768e+01 6.815565025413266476e+00
2.606403899582615704e+05 -1.557482788833497762e+04 9.999999999557897468e+01 6.738600961630731412e+00
2.606930226671737328e+05 -1.562200458945088940e+04 1.000000000061110086e+02 6.649722739002850602e+00
2.607449950144308968e+05 -1.566918129056679754e+04 1.000000000141043017e+02 6.546183494390089841e+00
2.607963069999869331e+05 -1.571635799168270751e+04 9.999999999170566412e+01 6.424373577602721319e+00
2.608469586237787735e+05 -1.576353469279861565e+04 9.999999998906835685e+01 6.279468049805355001e+00
2.608969498857234721e+05 -1.581071139391452562e+04 9.999999999750039592e+01 6.104892958597940122e+00
2.609462807857043808e+05 -1.585788809503043376e+04 1.000000000007418919e+02 5.891492705326362156e+00
2.609949513235571794e+05 -1.590506479614634372e+04 9.999999999486104230e+01 5.626191302902086022e+00
2.609949513235571794e+05 -1.595224149726225369e+04 3.273635860027042987e+00 4.498160038283279150e+00
2.609949513235571794e+05 -1.599941819837816365e+04 2.490693793878252738e+00 8.214211647382265724e+00
2.609949513235571794e+05 -1.604659489949407180e+04 2.233595127744864683e+00 1.073417039125818029e+01
2.609949513235571794e+05 -1.609377160060998176e+04 2.109686562805549670e+00 1.238303457148790798e+01
2.609949513235571794e+05 -1.614094830172588991e+04 2.039404129932543608e+00 1.348729495971014281e+01
2.609949513235571794e+05 -1.618812500284179987e+04 1.996082667675778355e+00 1.424074517271015061e+01
2.609949513235571794e+05 -1.623530170395770801e+04 1.968260109434048832e+00 1.475803727395904374e+01
2.609949513235571794e+05 -1.628247840507361980e+04 1.950195218243637729e+00 1.510990257674688308e+01
2.609949513235571794e+05 -1.632965510618952794e+04 1.938695233139611673e+00 1.534195482186212978e+01
2.609949513235571794e+05 -1.637683180730543791e+04 1.931843785450517714e+00 1.548479965697728744e+01
2.609949513235571794e+05 -1.642400850842134969e+04 1.928421638710068331e+00 1.555968709703988573e+01
2.609949513235571794e+05 -1.647118520953725601e+04 1.927616660705923302e+00 1.558181264846730940e+01
2.609949513235571794e+05 -1.651836191065316598e+04 1.928867487288452365e+00 1.556231957238497010e+01
2.609949513235571794e+05 -1.656553861176907594e+04 1.931774109251463978e+00 1.550956140824142615e+01
2.609949513235571794e+05 -1.661271531288498591e+04 1.936044186916825671e+00 1.542992183853933064e+01
2.609949513235571794e+05 -1.665989201400089223e+04 1.941459477801694034e+00 1.532836211992228215e+01
2.609949513235571794e+05 -1.670706871511680220e+04 1.947854103647528978e+00 1.520879573553397712e+01
2.609949513235571794e+05 -1.675424541623271580e+04 1.955100056182775159e+00 1.507435219850986208e+01
2.609949513235571794e+05 -1.680142211734862576e+04 1.963097278444972948e+00 1.492756368190829619e+01
2.609949513235571794e+05 -1.684859881846453209e+04 1.971766720525516936e+00 1.477050158321888418e+01
2.609949513235571794e+05 -1.689577551958044205e+04 1.981045379815917107e+00 1.460487673713947387e+01
2.609949513235571794e+05 -1.694295222069635201e+04 1.990882693979034057e+00 1.443211596265131291e+01
