# R (Å)  g ()
2.688493080811406699e+00 4.948428570482030045e+04
2.533387710764594569e+00 8.789031328829874110e+04
2.395202926541071253e+00 -1.420535189854673517e+05
2.271313119995843621e+00 8.493947246991017892e+03
2.159609196061621716e+00 3.189222270823748840e+04
2.058377514996233337e+00 4.649260160086661926e+04
1.966211357608341759e+00 5.914565025956610043e+04
1.881945156567984556e+00 7.151571078208959079e+04
1.804604944654231824e+00 8.423680412400107889e+04
1.733370538944196459e+00 9.762722144510959333e+04
1.667546341262771348e+00 1.118851544382362626e+05
1.606538548289742963e+00 1.271588102954405331e+05
1.549837187761869517e+00 1.435774397484001820e+05
1.497001829088169700e+00 1.612685880839641322e+05
1.447650120436911214e+00 1.803709450972180057e+05
1.401448520848499246e+00 2.010475267265708244e+05
1.358104752162463180e+00 2.235030772206197144e+05
1.317361609597589078e+00 2.480109573701271438e+05
1.278991853978241888e+00 2.749590716354165925e+05
1.242793971318480573e+00 3.049349435661500320e+05
1.208588632658338602e+00 3.388971672253922443e+05
1.176215722854990320e+00 3.785580307948839618e+05
1.145531834432686358e+00 4.273608184755389811e+05
1.116408143726770552e+00 4.935091774848976056e+05
1.088728602973214166e+00 6.027855165485042380e+05
1.062388394836765615e+00 9.011500953360656276e+05
1.037292605982353733e+00 -2.536409477256911807e+06
1.013355084305837872e+00 9.665183830053181737e+04
9.904974508252550880e-01 3.058001494481553091e+05
9.686482423511685313e-01 4.060331359741595224e+05
9.477421651781218204e-01 4.775107140992718050e+05
9.277194433785839189e-01 5.381011895681067836e+05
9.085252479983373375e-01 5.940833775141012156e+05
8.901091956740468936e-01 6.482628874945578864e+05
8.724249070182710231e-01 7.021093958921217127e+05
8.554296166218111619e-01 7.564926417561274720e+05
8.390838277691651248e-01 8.119845724753333488e+05
8.233510059984933127e-01 8.690006931151121389e+05
8.081973065015883861e-01 9.278740071281323908e+05
7.935913310828851541e-01 9.888984098387615522e+05
7.795039110044906794e-01 1.052358012746588793e+06
7.659079125567378465e-01 1.118550882184997899e+06
7.527780626271938225e-01 1.187812589962412370e+06
7.400907919087580389e-01 1.260544279231577879e+06
7.278240937003255251e-01 1.337250974394373829e+06
7.159573965204288903e-01 1.418598978798419470e+06
7.044714489826680026e-01 1.505508005313886562e+06
6.933482155776784506e-01 1.599308271926879650e+06
6.825707821749166238e-01 1.702025663954233285e+06
6.721232702028516748e-01 1.816938209101669025e+06
