# R (Å)  r_0 (Å)
2.688493080811406699e+00 8.399752524565860412e+00
2.533387710764594569e+00 8.160522419025062035e+00
2.395202926541071253e+00 7.972652738027009356e+00
2.271313119995843621e+00 7.829159770807314622e+00
2.159609196061621716e+00 7.723195331765690064e+00
2.058377514996233337e+00 7.648184878947128951e+00
1.966211357608341759e+00 7.597911128206064291e+00
1.881945156567984556e+00 7.566590633310933178e+00
1.804604944654231824e+00 7.548955986787303729e+00
1.733370538944196459e+00 7.540337687020555180e+00
1.667546341262771348e+00 7.536748476670927843e+00
1.606538548289742963e+00 7.534917953860283291e+00
1.549837187761869517e+00 7.532335637157713037e+00
1.497001829088169700e+00 7.527229780789370217e+00
1.447650120436911214e+00 7.518522214082682176e+00
1.401448520848499246e+00 7.505750319461527376e+00
1.358104752162463180e+00 7.488965288519438879e+00
1.317361609597589078e+00 7.468616740358906547e+00
1.278991853978241888e+00 7.445433882494234545e+00
1.242793971318480573e+00 7.420311396994443420e+00
1.208588632658338602e+00 7.394207916369537337e+00
1.176215722854990320e+00 7.368061514353598795e+00
1.145531834432686358e+00 7.342725407035771035e+00
1.116408143726770552e+00 7.318921315405629180e+00
1.088728602973214166e+00 7.297214126258634970e+00
1.062388394836765615e+00 7.278000189436238720e+00
1.037292605982353733e+00 7.261509275055621160e+00
1.013355084305837872e+00 7.247817500885014752e+00
9.904974508252550880e-01 7.236865879640781429e+00
9.686482423511685313e-01 7.228482710148031565e+00
9.477421651781218204e-01 7.222410071023007028e+00
9.277194433785839189e-01 7.218328419889656899e+00
9.085252479983373375e-01 7.215880238866047236e+00
8.901091956740468936e-01 7.214693032776072101e+00
8.724249070182710231e-01 7.214397874924912024e+00
8.554296166218111619e-01 7.214645530054754730e+00
8.390838277691651248e-01 7.215118840964923841e+00
8.233510059984933127e-01 7.215542466056029447e+00
8.081973065015883861e-01 7.215688772493914271e+00
7.935913310828851541e-01 7.215381157737372320e+00
7.795039110044906794e-01 7.214494855691743425e+00
7.659079125567378465e-01 7.212954970572963198e+00
7.527780626271938225e-01 7.210733401698848688e+00
7.400907919087580389e-01 7.207843197114693901e+00
7.278240937003255251e-01 7.204334097760654032e+00
7.159573965204288903e-01 7.200282758105708503e+00
7.044714489826680026e-01 7.195790503835617358e+00
6.933482155776784506e-01 7.190971718509169719e+00
6.825707821749166238e-01 7.185949163132871575e+00
6.721232702028516748e-01 7.180847494512446083e+00
