# R (Å)  g ()
2.770624999999999893e+00 6.058174455663400515e+00
2.610781250000000053e+00 1.907139429415644472e+01
2.468374999999999986e+00 3.658436860242358790e+01
2.340700431034482776e+00 6.020577732326852072e+01
2.225584016393442610e+00 9.243599250761904784e+01
2.121259765625000071e+00 1.378788396376541527e+02
2.026277985074626642e+00 2.070853180415405461e+02
1.939437499999999925e+00 3.252824950237573489e+02
1.859734589041095898e+00 5.454911320306418929e+02
1.786324013157894797e+00 9.829524081030572233e+02
1.718488924050632916e+00 1.924279516820042772e+03
1.655617378048780619e+00 4.163783294269143880e+03
1.597183823529411795e+00 1.032242075000937984e+04
1.542734374999999769e+00 3.014571291262007071e+04
1.491875000000000062e+00 9.814083134041554877e+04
1.444261968085106318e+00 4.158432266606470803e+05
1.399594072164948688e+00 1.822186807196894195e+06
1.357606249999999903e+00 9.206606137645177543e+06
1.318064320388349753e+00 5.969121048739744723e+07
1.280760613207547083e+00 2.966736956489577293e+08
1.245510321100917528e+00 2.804630964977867126e+09
