# R (Å)  r_0 (Å)
2.770624999999999893e+00 7.205827035680814063e+00
2.610781250000000053e+00 7.253998395702139668e+00
2.468374999999999986e+00 7.281031295742947940e+00
2.340700431034482776e+00 7.286668554245509632e+00
2.225584016393442610e+00 7.278349360118025579e+00
2.121259765625000071e+00 7.266047583024145773e+00
2.026277985074626642e+00 7.256960136396328309e+00
1.939437499999999925e+00 7.253006378710789015e+00
1.859734589041095898e+00 7.251781923402471186e+00
1.786324013157894797e+00 7.250177030003136736e+00
1.718488924050632916e+00 7.247801706853765680e+00
1.655617378048780619e+00 7.246664327259692229e+00
1.597183823529411795e+00 7.247667330666370589e+00
1.542734374999999769e+00 7.249117827044239348e+00
1.491875000000000062e+00 7.249758072927488861e+00
1.444261968085106318e+00 7.250361418280003356e+00
1.399594072164948688e+00 7.246916164466314036e+00
1.357606249999999903e+00 7.227674694058145555e+00
1.318064320388349753e+00 7.204203073658368872e+00
1.280760613207547083e+00 7.217277426167283849e+00
1.245510321100917528e+00 7.262531332672597095e+00
1.212148437500000009e+00 7.298552592788826843e+00
1.180527173913043404e+00 7.315584732692728132e+00
1.150513771186440604e+00 7.322722545509333436e+00
1.121988636363636216e+00 7.325860968518085770e+00
1.094843750000000115e+00 7.328272985374684190e+00
1.068981299212598435e+00 7.330663163539792748e+00
1.044312499999999977e+00 7.332239632220022507e+00
1.020756578947368265e+00 7.332775103721671073e+00
9.982398897058823994e-01 7.333108426580608352e+00
9.766951438848920919e-01 7.333675923707354549e+00
9.560607394366198442e-01 7.334182035748736617e+00
9.362801724137931325e-01 7.334317035719943867e+00
9.173015202702703430e-01 7.334300774694521685e+00
8.990769867549668337e-01 7.334436552209909976e+00
8.815625000000001377e-01 7.334607558884606249e+00
8.647173566878980644e-01 7.334607198832636676e+00
8.485039062500000506e-01 7.334503985157132533e+00
8.328872699386503653e-01 7.334537903404085846e+00
8.178350903614458600e-01 7.334622554643797976e+00
8.033173076923076916e-01 7.334590113836874536e+00
7.893059593023254994e-01 7.334455755355516082e+00
7.757749999999999924e-01 7.334506221017873528e+00
7.627001404494381243e-01 7.334574603277299154e+00
7.500587016574585819e-01 7.334572933513485715e+00
7.378294836956521552e-01 7.333142295435786551e+00
7.259926470588236036e-01 7.335813450415471948e+00
