# R (Å)  g ()
2.770624999999999893e+00 5.390950045850326569e+04
2.610781250000000053e+00 1.183286914205010835e+05
2.468374999999999986e+00 -4.282498861081864743e+04
2.340700431034482776e+00 1.755212232336560191e+04
2.225584016393442610e+00 3.652496630679127702e+04
2.121259765625000071e+00 5.012793164653771237e+04
2.026277985074626642e+00 6.253945095550590486e+04
1.939437499999999925e+00 7.494733818014900316e+04
1.859734589041095898e+00 8.784553353783402417e+04
1.786324013157894797e+00 1.014988149276270415e+05
1.718488924050632916e+00 1.160812545512451761e+05
1.655617378048780619e+00 1.317287953657842008e+05
1.597183823529411795e+00 1.485637320616833458e+05
1.542734374999999769e+00 1.667091048376682156e+05
1.491875000000000062e+00 1.863000828841959010e+05
1.444261968085106318e+00 2.074962018962707371e+05
1.399594072164948688e+00 2.304979246753622137e+05
1.357606249999999903e+00 2.555724691942716890e+05
1.318064320388349753e+00 2.830980151370634558e+05
1.280760613207547083e+00 3.136455018299682997e+05
1.245510321100917528e+00 3.481430239270489546e+05
1.212148437500000009e+00 3.882412133026146912e+05
1.180527173913043404e+00 4.372410755156361265e+05
1.150513771186440604e+00 5.029448108824283700e+05
1.121988636363636216e+00 6.095362815867550671e+05
1.094843750000000115e+00 8.891811736355668399e+05
1.068981299212598435e+00 -3.518673036300130188e+06
1.044312499999999977e+00 1.068507899195404607e+05
1.020756578947368265e+00 3.237837280912592541e+05
9.982398897058823994e-01 4.262536166587728658e+05
9.766951438848920919e-01 4.992389542590977508e+05
9.560607394366198442e-01 5.611926720226722537e+05
9.362801724137931325e-01 6.185228951110268245e+05
9.173015202702703430e-01 6.740716219595022267e+05
8.990769867549668337e-01 7.293187634324347600e+05
8.815625000000001377e-01 7.851347975343571743e+05
8.647173566878980644e-01 8.420878623991279164e+05
8.485039062500000506e-01 9.005865298674846999e+05
8.328872699386503653e-01 9.609538415557035478e+05
8.178350903614458600e-01 1.023470093150346773e+06
8.033173076923076916e-01 1.088400954092045547e+06
7.893059593023254994e-01 1.156019267509087455e+06
7.757749999999999924e-01 1.226625569496941753e+06
7.627001404494381243e-01 1.300571348727675853e+06
7.500587016574585819e-01 1.378289524309480563e+06
7.378294836956521552e-01 1.460338605543194339e+06
7.259926470588236036e-01 1.547471450749149546e+06
7.145296052631578965e-01 1.640748896736881929e+06
7.034229274611398797e-01 1.741738818148600869e+06
6.926562499999999734e-01 1.852888310827835929e+06
