# R (Å)  g ()
2.770624999999999893e+00 2.311465342702389680e+00
2.610781250000000053e+00 9.538729773757795627e+00
2.468374999999999986e+00 1.838286065788653545e+01
2.340700431034482776e+00 2.978657790958805407e+01
2.225584016393442610e+00 4.557166010213129681e+01
2.121259765625000071e+00 6.984861331547440955e+01
2.026277985074626642e+00 1.143855300279178948e+02
1.939437499999999925e+00 2.323717517411242000e+02
1.859734589041095898e+00 2.061008917214975099e+03
1.786324013157894797e+00 -3.268175981175539278e+02
1.718488924050632916e+00 -1.508971352151376664e+02
1.655617378048780619e+00 -9.480801501204918225e+01
1.597183823529411795e+00 -6.531851741691936297e+01
1.542734374999999769e+00 -4.581456756385357210e+01
1.491875000000000062e+00 -3.098630115725820033e+01
1.444261968085106318e+00 -1.859108573997118796e+01
1.399594072164948688e+00 -7.498227125163858808e+00
1.357606249999999903e+00 2.944931555818210978e+00
1.318064320388349753e+00 1.316383979728878728e+01
1.280760613207547083e+00 2.347236638116811491e+01
1.245510321100917528e+00 3.413458268387440597e+01
1.212148437500000009e+00 4.540444720670549117e+01
1.180527173913043404e+00 5.755845646037032992e+01
1.150513771186440604e+00 7.093110272246418901e+01
1.121988636363636216e+00 8.596338412496193371e+01
1.094843750000000115e+00 1.032803991411589095e+02
1.068981299212598435e+00 1.238296393597088496e+02
1.044312499999999977e+00 1.491514598798005977e+02
1.020756578947368265e+00 1.819640059975512543e+02
9.982398897058823994e-01 2.275984654877759965e+02
9.766951438848920919e-01 2.981957548881849220e+02
9.560607394366198442e-01 4.288005601962009337e+02
9.362801724137931325e-01 7.799775165080721990e+02
9.173015202702703430e-01 7.047342418319231001e+03
8.990769867549668337e-01 -8.458942627012228286e+02
8.815625000000001377e-01 -3.501943742951178820e+02
8.647173566878980644e-01 -1.915304997155087676e+02
8.485039062500000506e-01 -1.092175467205476451e+02
8.328872699386503653e-01 -5.604136447377467078e+01
8.178350903614458600e-01 -1.685455443424439181e+01
8.033173076923076916e-01 1.471895010965239869e+01
7.893059593023254994e-01 4.185180431256370071e+01
7.757749999999999924e-01 6.632212357648909062e+01
7.627001404494381243e-01 8.922595553448120143e+01
7.500587016574585819e-01 1.112990570769789116e+02
7.378294836956521552e-01 1.330788531355601947e+02
7.259926470588236036e-01 1.549944303297984050e+02
7.145296052631578965e-01 1.774222860538293389e+02
7.034229274611398797e-01 2.007260168806342335e+02
6.926562499999999734e-01 2.252901222959721395e+02
