# R (Å)  r_0 (Å)
6.926562499999999734e-01 7.388670603373179269e+00
6.856597222222222676e-01 7.385188225865315204e+00
6.788031249999999517e-01 7.381759707916441648e+00
6.720823019801980269e-01 7.378417338629650324e+00
6.654932598039214886e-01 7.375190964676450633e+00
6.590321601941747653e-01 7.372107184528178259e+00
6.526953125000000133e-01 7.369189052846053301e+00
6.464791666666666048e-01 7.366456119188951490e+00
6.403803066037735414e-01 7.363924154711990688e+00
6.343954439252336153e-01 7.361606477795793246e+00
6.285214120370370416e-01 7.359506331502550402e+00
6.227551605504587640e-01 7.357632624826337064e+00
6.170937499999998854e-01 7.355984590274463386e+00
6.115343468468468213e-01 7.354442210843556538e+00
6.060742187500000044e-01 7.353350967265179783e+00
6.007107300884955148e-01 7.352349687855457283e+00
5.954413377192981915e-01 7.351542519466079284e+00
5.902635869565217019e-01 7.350924108899205223e+00
5.851751077586206939e-01 7.350469871904651953e+00
5.801736111111110983e-01 7.350165977619181668e+00
5.752568855932203018e-01 7.349994009635546277e+00
5.704227941176470695e-01 7.349934956570141509e+00
5.656692708333332931e-01 7.349968965568041135e+00
5.609943181818181079e-01 7.350076428978657539e+00
5.563960040983606525e-01 7.350237797131531359e+00
5.518724593495933917e-01 7.350433822300392883e+00
5.474218749999999467e-01 7.350646052437965317e+00
5.430424999999998725e-01 7.350857182597650308e+00
5.387326388888887818e-01 7.351050876567278181e+00
5.344906496062992174e-01 7.351212298860490435e+00
5.303149414062499067e-01 7.351328017842998719e+00
5.262039728682169626e-01 7.351386227700515086e+00
5.221562499999998774e-01 7.351377143034588002e+00
5.181703244274808995e-01 7.351293036361095545e+00
5.142447916666665897e-01 7.351125236784432637e+00
5.103782894736841325e-01 7.350871181901491802e+00
5.065694962686566605e-01 7.350527232972067893e+00
5.028171296296295445e-01 7.350093284940649063e+00
4.991199448529410887e-01 7.349566411864847382e+00
4.954767335766422920e-01 7.348951842750904184e+00
4.918863224637680664e-01 7.348251767561587933e+00
4.883475719424460459e-01 7.347471259965486112e+00
4.848593749999998703e-01 7.346614804738444526e+00
4.814206560283686986e-01 7.345691042169910645e+00
4.780303697183098111e-01 7.344706698728911576e+00
4.746874999999999289e-01 7.343670325318760739e+00
4.713910590277777257e-01 7.342590912541713699e+00
4.681400862068964552e-01 7.341478189668112719e+00
4.649336472602738635e-01 7.340340285524188602e+00
4.617708333333332416e-01 7.339189897135352858e+00
