# R (Å)  r_0 (Å)
1.673761130136986353e+00 7.515100957491526401e+00
1.679994877362822603e+00 7.517604646785470912e+00
1.686275232044552430e+00 7.520234794469466522e+00
1.692602718843968956e+00 7.522992157980638694e+00
1.698977870327373907e+00 7.525877347414310137e+00
1.705401227115001195e+00 7.528890850703509052e+00
1.711873338033843561e+00 7.532032992780830050e+00
1.718394760273972421e+00 7.535303961815815299e+00
1.724966059548442843e+00 7.538703783271758496e+00
1.731587810256882243e+00 7.542232320066166729e+00
1.738260595652862506e+00 7.545889270561984219e+00
1.744985008015155659e+00 7.549674157290529486e+00
1.751761648822981687e+00 7.553586319791519621e+00
1.758591128935352188e+00 7.557624913281812518e+00
1.765474068774629313e+00 7.561788901450857914e+00
1.772411098514411698e+00 7.566077050119397462e+00
1.779402858271865062e+00 7.570487915504767074e+00
1.786449998304625142e+00 7.575019852654188313e+00
1.793553179212396875e+00 7.579670987959330475e+00
1.800713072143384164e+00 7.584439232382717222e+00
1.807930359005682552e+00 7.589322268105025415e+00
1.815205732683774054e+00 7.594317535401196473e+00
1.822539897260273989e+00 7.599422243229584595e+00
1.829933568243074182e+00 7.604633345475825479e+00
1.837387472798035937e+00 7.609947547203514517e+00
1.844902349987393997e+00 7.615361296011420755e+00
1.852478951014036257e+00 7.620870769879815043e+00
1.860118039471825746e+00 7.626471887055358501e+00
1.867820391602144081e+00 7.632160279054485130e+00
1.875586796556830915e+00 7.637931304984835634e+00
1.883418056667715224e+00 7.643780039308370355e+00
1.891314987722925611e+00 7.649701260855520601e+00
1.899278419250180150e+00 7.655689459108545591e+00
1.907309194807263575e+00 7.661738823003214627e+00
1.915408172279905674e+00 7.667843237309443616e+00
1.923576224187282468e+00 7.673996277049225156e+00
1.931814237995365335e+00 7.680191215779847091e+00
1.940123116438356332e+00 7.686421007837342501e+00
1.948503777848457075e+00 7.692678284999423077e+00
1.956957156494220307e+00 7.698955368235030683e+00
1.965484202927746393e+00 7.705244258856517092e+00
1.974085884340997188e+00 7.711536607967554247e+00
1.982763184931506828e+00 7.717823820118558054e+00
1.991517106277782556e+00 7.724096867373241970e+00
2.000348667724690888e+00 7.730346464954525487e+00
2.009258906779143761e+00 7.736562986024663857e+00
2.018248879516410632e+00 7.742736479912796455e+00
2.027319660997383366e+00 7.748856672049569738e+00
2.036472345697145858e+00 7.754912966849553335e+00
2.045708047945205443e+00 7.760894452260695076e+00
