# R (Å)  g ()
2.770624999999999893e+00 -1.654408250575747843e+02
2.610781250000000053e+00 -1.639822231133031210e+02
2.468374999999999986e+00 -1.548030103563509954e+02
2.340700431034482776e+00 -1.380533116697704656e+02
2.225584016393442610e+00 -1.132624757085440308e+02
2.121259765625000071e+00 -7.843145965553358678e+01
2.026277985074626642e+00 -3.064319616681924074e+01
1.939437499999999925e+00 3.279176896852417400e+01
1.859734589041095898e+00 1.134475083574978527e+02
1.786324013157894797e+00 2.127056597399139832e+02
1.718488924050632916e+00 3.337200919523331208e+02
1.655617378048780619e+00 4.810447173290153273e+02
1.597183823529411795e+00 6.573206224893780245e+02
1.542734374999999769e+00 8.618957478295640158e+02
1.491875000000000062e+00 1.098741794058177902e+03
1.444261968085106318e+00 1.380699487759117119e+03
1.399594072164948688e+00 1.732255878200626512e+03
1.357606249999999903e+00 2.202534198891126380e+03
1.318064320388349753e+00 2.866530843625619127e+03
1.280760613207547083e+00 3.817968577670173090e+03
1.245510321100917528e+00 5.204452929060068527e+03
1.212148437500000009e+00 7.333490146227288278e+03
1.180527173913043404e+00 1.083012307711815265e+04
1.150513771186440604e+00 1.658320750849501201e+04
1.121988636363636216e+00 2.599638156261985569e+04
1.094843750000000115e+00 4.348912796358771448e+04
1.068981299212598435e+00 8.238650553342333296e+04
1.044312499999999977e+00 1.625087290228148340e+05
1.020756578947368265e+00 3.145873860764470301e+05
9.982398897058823994e-01 6.857909242490039906e+05
9.766951438848920919e-01 1.909689330629246077e+06
9.560607394366198442e-01 4.840292939421213232e+06
9.362801724137931325e-01 1.128029342735624872e+07
9.173015202702703430e-01 3.461912624302672595e+07
8.990769867549668337e-01 1.346609315299842358e+08
8.815625000000001377e-01 3.631210241277008057e+08
8.647173566878980644e-01 9.968051879118516445e+08
8.485039062500000506e-01 4.923682854283403397e+09
