# R (Å)  r_0 (Å)
2.770624999999999893e+00 6.562305590633028984e+00
2.610781250000000053e+00 6.513581656311679957e+00
2.468374999999999986e+00 6.539506894642235224e+00
2.340700431034482776e+00 6.671608951178342295e+00
2.225584016393442610e+00 6.880480251535650460e+00
2.121259765625000071e+00 7.089532720020139678e+00
2.026277985074626642e+00 7.230091356668576275e+00
1.939437499999999925e+00 7.296238005026038032e+00
1.859734589041095898e+00 7.323881898589289285e+00
1.786324013157894797e+00 7.336555490678699165e+00
1.718488924050632916e+00 7.342845650271949687e+00
1.655617378048780619e+00 7.346171761269269851e+00
1.597183823529411795e+00 7.347964603040066933e+00
1.542734374999999769e+00 7.348899695258234388e+00
1.491875000000000062e+00 7.349623074450696514e+00
1.444261968085106318e+00 7.349922260737752566e+00
1.399594072164948688e+00 7.350271795392286478e+00
1.357606249999999903e+00 7.350466736401725321e+00
1.318064320388349753e+00 7.350562673194736441e+00
1.280760613207547083e+00 7.350809586818606078e+00
1.245510321100917528e+00 7.351083441487218373e+00
