# R (Å)  r_0 (Å)
2.770624999999999893e+00 7.159098698245964343e+00
2.610781250000000053e+00 7.204961757242594800e+00
2.468374999999999986e+00 7.225867438879514992e+00
2.340700431034482776e+00 7.227794673607703224e+00
2.225584016393442610e+00 7.222275439181390588e+00
2.121259765625000071e+00 7.218544433215528855e+00
2.026277985074626642e+00 7.218606722221038829e+00
1.939437499999999925e+00 7.217806208764444342e+00
1.859734589041095898e+00 7.211112364481661707e+00
1.786324013157894797e+00 7.200817929169750720e+00
1.718488924050632916e+00 7.194861778317410916e+00
1.655617378048780619e+00 7.194100664697378633e+00
1.597183823529411795e+00 7.184671656077759039e+00
1.542734374999999769e+00 7.158828389901742639e+00
1.491875000000000062e+00 7.150793354745647257e+00
1.444261968085106318e+00 7.193162938790552019e+00
1.399594072164948688e+00 7.255469902516169967e+00
1.357606249999999903e+00 7.294407733277306960e+00
1.318064320388349753e+00 7.311501075144222206e+00
1.280760613207547083e+00 7.320130283099663515e+00
1.245510321100917528e+00 7.325749472252145011e+00
1.212148437500000009e+00 7.329588423550668530e+00
1.180527173913043404e+00 7.331756333009712634e+00
1.150513771186440604e+00 7.333027270340512160e+00
1.121988636363636216e+00 7.334185866075461746e+00
1.094843750000000115e+00 7.335076766927444147e+00
1.068981299212598435e+00 7.335418506995887711e+00
1.044312499999999977e+00 7.335624616427183220e+00
1.020756578947368265e+00 7.335964138556360759e+00
9.982398897058823994e-01 7.336156630670991774e+00
9.766951438848920919e-01 7.336112035093978356e+00
9.560607394366198442e-01 7.336194051451950138e+00
9.362801724137931325e-01 7.336349019636851487e+00
9.173015202702703430e-01 7.336316852474892514e+00
8.990769867549668337e-01 7.336240140320776426e+00
8.815625000000001377e-01 7.336342765608200089e+00
8.647173566878980644e-01 7.336293860063570094e+00
8.485039062500000506e-01 7.336088993008583081e+00
