# R (Å)  g ()
2.770624999999999893e+00 -6.004929815997218867e+01
2.610781250000000053e+00 -4.971968791079596883e+01
2.468374999999999986e+00 -3.377351114889295758e+01
2.340700431034482776e+00 -1.130091143487358352e+01
2.225584016393442610e+00 1.956215503719001347e+01
2.121259765625000071e+00 6.138748722264282520e+01
2.026277985074626642e+00 1.161945515274699687e+02
1.939437499999999925e+00 1.834175791213719720e+02
1.859734589041095898e+00 2.626272178784203106e+02
1.786324013157894797e+00 3.576146485717412702e+02
1.718488924050632916e+00 4.750962220717498781e+02
1.655617378048780619e+00 6.260073641710220045e+02
1.597183823529411795e+00 8.327043362820396624e+02
1.542734374999999769e+00 1.139744685992960740e+03
1.491875000000000062e+00 1.624502795300665866e+03
1.444261968085106318e+00 2.431921967432062502e+03
1.399594072164948688e+00 3.864414534738373277e+03
1.357606249999999903e+00 6.546558630207264287e+03
1.318064320388349753e+00 1.181786896406709820e+04
1.280760613207547083e+00 2.354571730612569809e+04
1.245510321100917528e+00 5.308874599220228265e+04
1.212148437500000009e+00 1.241376384206806397e+05
1.180527173913043404e+00 3.204357906077047228e+05
1.150513771186440604e+00 1.057746819976920262e+06
1.121988636363636216e+00 3.233638564351177774e+06
1.094843750000000115e+00 1.015206641355708055e+07
1.068981299212598435e+00 4.814706924790331721e+07
1.044312499999999977e+00 1.764175536885551214e+08
1.020756578947368265e+00 6.189654540790246725e+08
9.982398897058823994e-01 4.003032895053394794e+09
9.766951438848920919e-01 1.629721388873482704e+10
