# R (Å)  g ()
2.770624999999999893e+00 -3.079158463604782128e+02
2.610781250000000053e+00 -3.211553083454907664e+02
2.468374999999999986e+00 -3.243964947960997165e+02
2.340700431034482776e+00 -3.179955006634493202e+02
2.225584016393442610e+00 -3.035520065362920263e+02
2.121259765625000071e+00 -2.804628741473382547e+02
2.026277985074626642e+00 -2.457256709769137615e+02
1.939437499999999925e+00 -1.954099001564777609e+02
1.859734589041095898e+00 -1.258465085355035171e+02
1.786324013157894797e+00 -3.433900332218583173e+01
1.718488924050632916e+00 8.135173368028659979e+01
1.655617378048780619e+00 2.244566378949225793e+02
1.597183823529411795e+00 3.994648428661237745e+02
1.542734374999999769e+00 6.107727222576426129e+02
1.491875000000000062e+00 8.620858342582317846e+02
1.444261968085106318e+00 1.158194680753857938e+03
1.399594072164948688e+00 1.504151937823709886e+03
1.357606249999999903e+00 1.898539116780429822e+03
1.318064320388349753e+00 2.341139823883384452e+03
1.280760613207547083e+00 2.848800201411856960e+03
1.245510321100917528e+00 3.453811166990824859e+03
1.212148437500000009e+00 4.216398147514997618e+03
1.180527173913043404e+00 5.237248220895678060e+03
1.150513771186440604e+00 6.648154161490639126e+03
1.121988636363636216e+00 8.567594946915794935e+03
1.094843750000000115e+00 1.110770231938379402e+04
1.068981299212598435e+00 1.459934135833020446e+04
1.044312499999999977e+00 1.994881709541608143e+04
1.020756578947368265e+00 2.851633212955935232e+04
9.982398897058823994e-01 4.087197793715848093e+04
9.766951438848920919e-01 5.844934433169865224e+04
9.560607394366198442e-01 8.793832781816512579e+04
9.362801724137931325e-01 1.503834897602166457e+05
9.173015202702703430e-01 2.721951573698295397e+05
8.990769867549668337e-01 4.641664240784246940e+05
8.815625000000001377e-01 8.019376603938642656e+05
8.647173566878980644e-01 1.665697372134634061e+06
8.485039062500000506e-01 4.264519498676746152e+06
8.328872699386503653e-01 9.199541468418141827e+06
8.178350903614458600e-01 1.817915136892132461e+07
8.033173076923076916e-01 4.329885613673862815e+07
7.893059593023254994e-01 1.546716004315966368e+08
7.757749999999999924e-01 4.105309534833485484e+08
7.627001404494381243e-01 8.872371753921986818e+08
7.500587016574585819e-01 2.294250841914447784e+09
7.378294836956521552e-01 1.082066289948752022e+10
7.259926470588236036e-01 3.346808488649395752e+10
