# R (Å)  g ()
6.926562499999999734e-01 1.872078501455667662e+06
6.856597222222222676e-01 1.960655638613583986e+06
6.788031249999999517e-01 2.060163707173531875e+06
6.720823019801980269e-01 2.175222210501371883e+06
6.654932598039214886e-01 2.313840602759600617e+06
6.590321601941747653e-01 2.491243746265960857e+06
6.526953125000000133e-01 2.740387617959300522e+06
6.464791666666666048e-01 3.148431865937688854e+06
6.403803066037735414e-01 4.046166585905584041e+06
6.343954439252336153e-01 8.836173668112752959e+06
6.285214120370370416e-01 -2.986885130604998209e+06
6.227551605504587640e-01 3.386395212860958418e+05
6.170937499999998854e-01 1.126060378654910950e+06
6.115343468468468213e-01 1.509739440594811458e+06
6.060742187500000044e-01 1.755611910758456914e+06
6.007107300884955148e-01 1.938627677950767567e+06
5.954413377192981915e-01 2.088114653914005030e+06
5.902635869565217019e-01 2.217915763030572794e+06
5.851751077586206939e-01 2.335424864183034748e+06
5.801736111111110983e-01 2.444957211172934156e+06
5.752568855932203018e-01 2.549206647016757634e+06
5.704227941176470695e-01 2.649947196374726947e+06
5.656692708333332931e-01 2.748399867482871283e+06
5.609943181818181079e-01 2.845437400697351433e+06
5.563960040983606525e-01 2.941704841221583541e+06
5.518724593495933917e-01 3.037693811919761356e+06
5.474218749999999467e-01 3.133790076222843491e+06
5.430424999999998725e-01 3.230305069228853099e+06
5.387326388888887818e-01 3.327497482826185413e+06
5.344906496062992174e-01 3.425588513004672248e+06
5.303149414062499067e-01 3.524772986771705095e+06
5.262039728682169626e-01 3.625227779195996467e+06
5.221562499999998774e-01 3.727118450535010546e+06
5.181703244274808995e-01 3.830604741338159423e+06
5.142447916666665897e-01 3.935845400005899835e+06
5.103782894736841325e-01 4.043002665471043903e+06
5.065694962686566605e-01 4.152246773164456245e+06
5.028171296296295445e-01 4.263760709771557711e+06
4.991199448529410887e-01 4.377745560537495650e+06
4.954767335766422920e-01 4.494426792408331297e+06
4.918863224637680664e-01 4.614061922425091267e+06
4.883475719424460459e-01 4.736950166733170860e+06
4.848593749999998703e-01 4.863444894854666665e+06
4.814206560283686986e-01 4.993970066076254472e+06
4.780303697183098111e-01 5.129042376112970524e+06
4.746874999999999289e-01 5.269301710194010288e+06
4.713910590277777257e-01 5.415553908913991414e+06
4.681400862068964552e-01 5.568832190582755953e+06
4.649336472602738635e-01 5.730487579401138239e+06
4.617708333333332416e-01 5.902325790861466900e+06
