# R (Å)  r_0 (Å)
2.770624999999999893e+00 6.470449446977031727e+00
2.610781250000000053e+00 6.774861504466213269e+00
2.468374999999999986e+00 7.038424708932874196e+00
2.340700431034482776e+00 7.250404398483595081e+00
2.225584016393442610e+00 7.406157158304954358e+00
2.121259765625000071e+00 7.506788879278846416e+00
2.026277985074626642e+00 7.558116341595514598e+00
1.939437499999999925e+00 7.569187526844929792e+00
1.859734589041095898e+00 7.550667840519249552e+00
1.786324013157894797e+00 7.513366160228574842e+00
1.718488924050632916e+00 7.467085799243043276e+00
1.655617378048780619e+00 7.419879625031362558e+00
1.597183823529411795e+00 7.377698620064959911e+00
1.542734374999999769e+00 7.344364777985158632e+00
1.491875000000000062e+00 7.321773555822418622e+00
1.444261968085106318e+00 7.310232576416848538e+00
1.399594072164948688e+00 7.308857134315233317e+00
1.357606249999999903e+00 7.315964752859650311e+00
1.318064320388349753e+00 7.329431301904181240e+00
1.280760613207547083e+00 7.346988346051686491e+00
1.245510321100917528e+00 7.366453352676792576e+00
1.212148437500000009e+00 7.385893362502311987e+00
1.180527173913043404e+00 7.403728098891268594e+00
1.150513771186440604e+00 7.418780479027952346e+00
1.121988636363636216e+00 7.430285295251395361e+00
1.094843750000000115e+00 7.437864807538574929e+00
1.068981299212598435e+00 7.441482215091684616e+00
1.044312499999999977e+00 7.441380551789039899e+00
1.020756578947368265e+00 7.438014426464078177e+00
9.982398897058823994e-01 7.431982010716686737e+00
9.766951438848920919e-01 7.423960198044764702e+00
9.560607394366198442e-01 7.414646109578546529e+00
9.362801724137931325e-01 7.404712006600251861e+00
9.173015202702703430e-01 7.394765472955874941e+00
8.990769867549668337e-01 7.385324226984775642e+00
8.815625000000001377e-01 7.376799544574458523e+00
8.647173566878980644e-01 7.369489324209281378e+00
8.485039062500000506e-01 7.363578849915678681e+00
8.328872699386503653e-01 7.359147755867205376e+00
8.178350903614458600e-01 7.356181756658891402e+00
8.033173076923076916e-01 7.354587540552337543e+00
7.893059593023254994e-01 7.354209583363712888e+00
7.757749999999999924e-01 7.354847236010888523e+00
7.627001404494381243e-01 7.356272059922098094e+00
7.500587016574585819e-01 7.358243227267549535e+00
7.378294836956521552e-01 7.360521447266933137e+00
7.259926470588236036e-01 7.362880930291310300e+00
7.145296052631578965e-01 7.365119306241226127e+00
7.034229274611398797e-01 7.367062601087731366e+00
6.926562499999999734e-01 7.368573952173520070e+00
