2.770624999999999893e+00 -1.297612071650705622e-03 0.000000000000000000e+00 0.000000000000000000e+00
2.610781250000000053e+00 -1.302270281441938668e-03 0.000000000000000000e+00 0.000000000000000000e+00
2.468374999999999986e+00 -1.306352590805745029e-03 0.000000000000000000e+00 0.000000000000000000e+00
2.340700431034482776e+00 -1.309666432616635135e-03 0.000000000000000000e+00 0.000000000000000000e+00
2.225584016393442610e+00 -1.312116450385832252e-03 0.000000000000000000e+00 0.000000000000000000e+00
2.121259765625000071e+00 -1.313704137444795953e-03 0.000000000000000000e+00 0.000000000000000000e+00
2.026277985074626642e+00 -1.314512900056342710e-03 0.000000000000000000e+00 0.000000000000000000e+00
1.939437499999999925e+00 -1.314683285958499369e-03 0.000000000000000000e+00 0.000000000000000000e+00
1.859734589041095898e+00 -1.314384809656047324e-03 0.000000000000000000e+00 0.000000000000000000e+00
1.786324013157894797e+00 -1.313790169906403410e-03 -9.880230185684632715e+01 0.000000000000000000e+00
1.718488924050632916e+00 -1.313055570026901370e-03 -5.549056400656157706e+01 0.000000000000000000e+00
1.655617378048780619e+00 -1.312308483958124754e-03 -4.421298405692925115e+01 0.000000000000000000e+00
1.597183823529411795e+00 -1.311642336530850078e-03 -4.040559476879619893e+01 0.000000000000000000e+00
1.542734374999999769e+00 -1.311116578724703767e-03 -3.974352252481166659e+01 0.000000000000000000e+00
1.491875000000000062e+00 -1.310760333008932936e-03 -4.089039743590851117e+01 0.000000000000000000e+00
1.444261968085106318e+00 -1.310577983139947326e-03 -4.332261204982643932e+01 0.000000000000000000e+00
1.399594072164948688e+00 -1.310555456722917438e-03 -4.681223375262386099e+01 0.000000000000000000e+00
1.357606249999999903e+00 -1.310666357491296376e-03 -5.125839607352693861e+01 0.000000000000000000e+00
1.318064320388349753e+00 -1.310877438981215533e-03 -5.661921213816808063e+01 0.000000000000000000e+00
1.280760613207547083e+00 -1.311153171049409243e-03 -6.287853338275680670e+01 0.000000000000000000e+00
1.245510321100917528e+00 -1.311459285569109871e-03 -7.002575569642306164e+01 0.000000000000000000e+00
1.212148437500000009e+00 -1.311765340650245752e-03 -7.803985894760215558e+01 0.000000000000000000e+00
1.180527173913043404e+00 -1.312046364681898700e-03 -8.687313857766439185e+01 0.000000000000000000e+00
1.150513771186440604e+00 -1.312283686977123217e-03 -9.643138288386759882e+01 0.000000000000000000e+00
1.121988636363636216e+00 -1.312465130801308008e-03 -1.065473198905504120e+02 0.000000000000000000e+00
1.094843750000000115e+00 -1.312584643634074960e-03 -1.169437554404320139e+02 0.000000000000000000e+00
1.068981299212598435e+00 -1.312641597806831839e-03 -1.271829148259231488e+02 0.000000000000000000e+00
1.044312499999999977e+00 -1.312639819696250106e-03 -1.366018665984487086e+02 0.000000000000000000e+00
1.020756578947368265e+00 -1.312586499151942570e-03 -1.442489437909474645e+02 0.000000000000000000e+00
9.982398897058823994e-01 -1.312491114191618232e-03 -1.488836697931239428e+02 0.000000000000000000e+00
9.766951438848920919e-01 -1.312364373233201398e-03 -1.492087979335240675e+02 0.000000000000000000e+00
9.560607394366198442e-01 -1.312217339027773591e-03 -1.445750745696280717e+02 0.000000000000000000e+00
9.362801724137931325e-01 -1.312060593062537106e-03 -1.359344229112597873e+02 0.000000000000000000e+00
9.173015202702703430e-01 -1.311903733637074165e-03 -1.257428563165363045e+02 0.000000000000000000e+00
8.990769867549668337e-01 -1.311754910212760894e-03 -1.163558743387701213e+02 -2.559829650540139028e+03
8.815625000000001377e-01 -1.311620584083427778e-03 -1.089031070576542959e+02 -1.574552395766943619e+03
8.647173566878980644e-01 -1.311505428084671146e-03 -1.035271924767712051e+02 -1.329131422787935207e+03
8.485039062500000506e-01 -1.311412339214231221e-03 -9.996709369104682708e+01 -1.255932206592596685e+03
8.328872699386503653e-01 -1.311342555455541651e-03 -9.788805066234797891e+01 -1.252843289612710805e+03
8.178350903614458600e-01 -1.311295841047208088e-03 -9.699424457119916099e+01 -1.287639869308731704e+03
8.033173076923076916e-01 -1.311270721164607212e-03 -9.704872938063948595e+01 -1.347168765364587671e+03
7.893059593023254994e-01 -1.311264739108577212e-03 -9.786487230827366091e+01 -1.425212467579529630e+03
7.757749999999999924e-01 -1.311274742159815234e-03 -9.929240696021042822e+01 -1.518552981481784173e+03
7.627001404494381243e-01 -1.311297138596998792e-03 -1.012047211545002341e+02 -1.625422962057486984e+03
7.500587016574585819e-01 -1.311328140479068542e-03 -1.034885974147227330e+02 -1.744803663158987092e+03
7.378294836956521552e-01 -1.311363980509884942e-03 -1.060361546155647261e+02 -1.876065771756799222e+03
7.259926470588236036e-01 -1.311401102964361663e-03 -1.087385285094942162e+02 -2.018760951724619645e+03
7.145296052631578965e-01 -1.311436316322186569e-03 -1.114809973466838926e+02 -2.172480638842699136e+03
7.034229274611398797e-01 -1.311466896968116382e-03 -1.141395527288285763e+02 -2.336740315478574757e+03
6.926562499999999734e-01 -1.311490677156685550e-03 -1.165792829970696403e+02 -2.510863654360752662e+03
