# R (Å)  r_0 (Å)
2.770624999999999893e+00 8.642958347993314305e+00
2.610781250000000053e+00 8.396859505499675080e+00
2.468374999999999986e+00 8.203549370549650277e+00
2.340700431034482776e+00 8.055864154953148670e+00
2.225584016393442610e+00 7.946774475478070698e+00
2.121259765625000071e+00 7.869529060666572207e+00
2.026277985074626642e+00 7.817739470748448660e+00
1.939437499999999925e+00 7.785461237877252749e+00
1.859734589041095898e+00 7.767278291036513238e+00
1.786324013157894797e+00 7.758389543765095375e+00
1.718488924050632916e+00 7.754686350549170548e+00
1.655617378048780619e+00 7.752808204673667269e+00
1.597183823529411795e+00 7.750167844589462618e+00
1.542734374999999769e+00 7.744939433873916812e+00
1.491875000000000062e+00 7.736010631573805085e+00
1.444261968085106318e+00 7.722902264636935854e+00
1.399594072164948688e+00 7.705664480037365038e+00
1.357606249999999903e+00 7.684757701114382833e+00
1.318064320388349753e+00 7.660930445335524475e+00
1.280760613207547083e+00 7.635102077075752725e+00
1.245510321100917528e+00 7.608258294591982995e+00
1.212148437500000009e+00 7.581364835844332184e+00
1.180527173913043404e+00 7.555298370168295641e+00
1.150513771186440604e+00 7.530803589874823345e+00
1.121988636363636216e+00 7.508462038838542796e+00
1.094843750000000115e+00 7.488682014543964982e+00
1.068981299212598435e+00 7.471701437174960603e+00
1.044312499999999977e+00 7.457600366402009406e+00
1.020756578947368265e+00 7.446317352812832802e+00
9.982398897058823994e-01 7.437677766243412592e+00
9.766951438848920919e-01 7.430998787236506864e+00
9.560607394366198442e-01 7.427205388214422221e+00
9.362801724137931325e-01 7.424676961852092916e+00
9.173015202702703430e-01 7.423448247459402793e+00
8.990769867549668337e-01 7.423139680142810448e+00
8.815625000000001377e-01 7.423391745911199102e+00
8.647173566878980644e-01 7.423878173170283645e+00
8.485039062500000506e-01 7.424315379181381402e+00
8.328872699386503653e-01 7.424468790202560342e+00
8.178350903614458600e-01 7.424156781794470028e+00
8.033173076923076916e-01 7.423241780590051242e+00
7.893059593023254994e-01 7.421671601427928699e+00
7.757749999999999924e-01 7.419391713632432328e+00
7.627001404494381243e-01 7.416424077618212429e+00
7.500587016574585819e-01 7.412818920586088822e+00
7.378294836956521552e-01 7.408656159843401312e+00
7.259926470588236036e-01 7.404038406831347174e+00
7.145296052631578965e-01 7.399005896851307718e+00
7.034229274611398797e-01 7.393918258829891066e+00
6.926562499999999734e-01 7.388670603373179269e+00
