# R (Å)  r_0 (Å)
2.770624999999999893e+00 8.539107716100184930e+00
2.610781250000000053e+00 8.303741964329869774e+00
2.468374999999999986e+00 8.121093293797665424e+00
2.340700431034482776e+00 7.983755024666417732e+00
2.225584016393442610e+00 7.884526229461867430e+00
2.121259765625000071e+00 7.816521178213747589e+00
2.026277985074626642e+00 7.773243462035378748e+00
1.939437499999999925e+00 7.748662794263163178e+00
1.859734589041095898e+00 7.737302148213820452e+00
1.786324013157894797e+00 7.734326765138221482e+00
1.718488924050632916e+00 7.735623407280923125e+00
1.655617378048780619e+00 7.737855915111282457e+00
1.597183823529411795e+00 7.738487093058467714e+00
1.542734374999999769e+00 7.735763409048269423e+00
1.491875000000000062e+00 7.728660461058787234e+00
1.444261968085106318e+00 7.716796759417124285e+00
1.399594072164948688e+00 7.700323013618374901e+00
1.357606249999999903e+00 7.679798314783060853e+00
1.318064320388349753e+00 7.656063207575975582e+00
1.280760613207547083e+00 7.630119727715356071e+00
1.245510321100917528e+00 7.603025222955353435e+00
1.212148437500000009e+00 7.575805791389197630e+00
1.180527173913043404e+00 7.549386432546626224e+00
1.150513771186440604e+00 7.524551115819969382e+00
1.121988636363636216e+00 7.501910975468824461e+00
1.094843750000000115e+00 7.481896077775453513e+00
1.068981299212598435e+00 7.464761278049788729e+00
1.044312499999999977e+00 7.450592221732256881e+00
1.020756578947368265e+00 7.439337154033797361e+00
9.982398897058823994e-01 7.430821548087889639e+00
9.766951438848920919e-01 7.424893105463695520e+00
9.560607394366198442e-01 7.420875059764155957e+00
9.362801724137931325e-01 7.418736445394210399e+00
9.173015202702703430e-01 7.417970189408257475e+00
8.990769867549668337e-01 7.418185217471584103e+00
8.815625000000001377e-01 7.419008896084447358e+00
8.647173566878980644e-01 7.420100604938610900e+00
8.485039062500000506e-01 7.421161588784194407e+00
8.328872699386503653e-01 7.421941888101325269e+00
8.178350903614458600e-01 7.422244011351200932e+00
8.033173076923076916e-01 7.421926015751849626e+00
7.893059593023254994e-01 7.420891475776531188e+00
7.757749999999999924e-01 7.419103790649520747e+00
7.627001404494381243e-01 7.416564337332496315e+00
7.500587016574585819e-01 7.413315086723817338e+00
7.378294836956521552e-01 7.409430071374143445e+00
7.259926470588236036e-01 7.405008599823427851e+00
7.145296052631578965e-01 7.400186467043480043e+00
7.034229274611398797e-01 7.395036686132736570e+00
6.926562499999999734e-01 7.389747390482140688e+00
