# R (Å)  g ()
2.770624999999999893e+00 5.095031507108073856e+04
2.610781250000000053e+00 9.027515257338222000e+04
2.468374999999999986e+00 -1.499827722508726874e+05
2.340700431034482776e+00 8.588382762776456730e+03
2.225584016393442610e+00 3.280518340994556638e+04
2.121259765625000071e+00 4.787740145223506988e+04
2.026277985074626642e+00 6.092733975556133373e+04
1.939437499999999925e+00 7.368040041749851662e+04
1.859734589041095898e+00 8.679286507763674308e+04
1.786324013157894797e+00 1.005938224703166197e+05
1.718488924050632916e+00 1.152879801626515255e+05
1.655617378048780619e+00 1.310282781946689211e+05
1.597183823529411795e+00 1.479479905971370463e+05
1.542734374999999769e+00 1.661785489839602087e+05
1.491875000000000062e+00 1.858627952536833182e+05
1.444261968085106318e+00 2.071685526347174600e+05
1.399594072164948688e+00 2.303065200829530368e+05
1.357606249999999903e+00 2.555578998153262364e+05
1.318064320388349753e+00 2.833215603230735869e+05
1.280760613207547083e+00 3.142013534732460394e+05
1.245510321100917528e+00 3.491819731730282656e+05
1.212148437500000009e+00 3.900211007153322571e+05
1.180527173913043404e+00 4.402499279853578773e+05
1.150513771186440604e+00 5.082694070361403865e+05
1.121988636363636216e+00 6.204143852935582399e+05
1.094843750000000115e+00 9.247841827614747453e+05
1.068981299212598435e+00 -2.771263928278113250e+06
1.044312499999999977e+00 9.705481818882588414e+04
1.020756578947368265e+00 3.143576509517764789e+05
9.982398897058823994e-01 4.180391672751567094e+05
9.766951438848920919e-01 4.918463510464476421e+05
9.560607394366198442e-01 5.543586562532819808e+05
9.362801724137931325e-01 6.120904465122123947e+05
9.173015202702703430e-01 6.679489050928794313e+05
8.990769867549668337e-01 7.234554258981291205e+05
8.815625000000001377e-01 7.795096394663091050e+05
8.647173566878980644e-01 8.367027150568994693e+05
8.485039062500000506e-01 8.954638085620704805e+05
8.328872699386503653e-01 9.561366105359395733e+05
8.178350903614458600e-01 1.019024229239156819e+06
8.033173076923076916e-01 1.084419484744749265e+06
7.893059593023254994e-01 1.152629396674206248e+06
7.757749999999999924e-01 1.223999438456201693e+06
7.627001404494381243e-01 1.298942407342731953e+06
7.500587016574585819e-01 1.377977795062139397e+06
7.378294836956521552e-01 1.461790738419416593e+06
7.259926470588236036e-01 1.551326592891161330e+06
7.145296052631578965e-01 1.647952112940727733e+06
7.034229274611398797e-01 1.753747872258947231e+06
6.926562499999999734e-01 1.872078501455667662e+06
