# R (Å)  g ()
1.673761130136986353e+00 -8.844092335165008478e+00
1.679994877362822603e+00 -1.439345567233741008e+01
1.686275232044552430e+00 -2.010179491512567296e+01
1.692602718843968956e+00 -2.598318075842016839e+01
1.698977870327373907e+00 -3.205319252057336854e+01
1.705401227115001195e+00 -3.832912839674163763e+01
1.711873338033843561e+00 -4.483025182626108318e+01
1.718394760273972421e+00 -5.157808142640048032e+01
1.724966059548442843e+00 -5.859673375555472319e+01
1.731587810256882243e+00 -6.591333049027478808e+01
1.738260595652862506e+00 -7.355848459751491930e+01
1.744985008015155659e+00 -8.156688398159948861e+01
1.751761648822981687e+00 -8.997799619689391193e+01
1.758591128935352188e+00 -9.883692457574420587e+01
1.765474068774629313e+00 -1.081954551392767030e+02
1.772411098514411698e+00 -1.181133458076606075e+02
1.779402858271865062e+00 -1.286599259620646194e+02
1.786449998304625142e+00 -1.399160971674063774e+02
1.793553179212396875e+00 -1.519768575560355544e+02
1.800713072143384164e+00 -1.649545170735200088e+02
1.807930359005682552e+00 -1.789828347162914781e+02
1.815205732683774054e+00 -1.942224016977120584e+02
1.822539897260273989e+00 -2.108677314251584676e+02
1.829933568243074182e+00 -2.291567228817411888e+02
1.837387472798035937e+00 -2.493834791154186519e+02
1.844902349987393997e+00 -2.719159557483694130e+02
1.852478951014036257e+00 -2.972207050727719775e+02
1.860118039471825746e+00 -3.258982830219267726e+02
1.867820391602144081e+00 -3.587350945581897577e+02
1.875586796556830915e+00 -3.967813280860556233e+02
1.883418056667715224e+00 -4.414716972859600901e+02
1.891314987722925611e+00 -4.948191866015458231e+02
1.899278419250180150e+00 -5.597390678509028703e+02
1.907309194807263575e+00 -6.406182759011114740e+02
1.915408172279905674e+00 -7.443782139596381739e+02
1.923576224187282468e+00 -8.826140921309794294e+02
1.931814237995365335e+00 -1.076341367246826621e+03
1.940123116438356332e+00 -1.368000683447261736e+03
1.948503777848457075e+00 -1.858101069964463250e+03
1.956957156494220307e+00 -2.856165496895311662e+03
1.965484202927746393e+00 -6.012386055217694775e+03
1.974085884340997188e+00 7.329379147967953759e+04
1.982763184931506828e+00 5.258054801674782539e+03
1.991517106277782556e+00 2.749739925605458666e+03
2.000348667724690888e+00 1.871091401838693400e+03
2.009258906779143761e+00 1.422809332038253160e+03
2.018248879516410632e+00 1.150573171561384015e+03
2.027319660997383366e+00 9.674745034734446563e+02
2.036472345697145858e+00 8.357298643545994992e+02
2.045708047945205443e+00 7.362685121604587266e+02
