# R (Å)  r_0 (Å)
2.770624999999999893e+00 7.054048727368527949e+00
2.610781250000000053e+00 7.082539742974029551e+00
2.468374999999999986e+00 7.091532258827306201e+00
2.340700431034482776e+00 7.098379330152835287e+00
2.225584016393442610e+00 7.115156680709832315e+00
2.121259765625000071e+00 7.137908430290266892e+00
2.026277985074626642e+00 7.143782823756038347e+00
1.939437499999999925e+00 7.105472593748754839e+00
1.859734589041095898e+00 7.040733557700428413e+00
1.786324013157894797e+00 7.019090360715649624e+00
1.718488924050632916e+00 7.078501478104036515e+00
1.655617378048780619e+00 7.179323029175880500e+00
1.597183823529411795e+00 7.257412510008265372e+00
1.542734374999999769e+00 7.297163258268319908e+00
1.491875000000000062e+00 7.316232737387463381e+00
1.444261968085106318e+00 7.326280408507798825e+00
1.399594072164948688e+00 7.331748232510494567e+00
1.357606249999999903e+00 7.334810316254236184e+00
1.318064320388349753e+00 7.336795078985142382e+00
1.280760613207547083e+00 7.338006691873318665e+00
1.245510321100917528e+00 7.338583522821249261e+00
1.212148437500000009e+00 7.339113994787086703e+00
1.180527173913043404e+00 7.339507709722402851e+00
1.150513771186440604e+00 7.339579880749808716e+00
1.121988636363636216e+00 7.339800638487738560e+00
1.094843750000000115e+00 7.339981341665417602e+00
1.068981299212598435e+00 7.339918969127886328e+00
1.044312499999999977e+00 7.340078037575970882e+00
1.020756578947368265e+00 7.340190955201186362e+00
9.982398897058823994e-01 7.340567988286264445e+00
9.766951438848920919e-01 7.341578790497161222e+00
