1.859777894050210342e-03 -1.841284938234966639e-01
3.334991545601902890e-02 -1.395279776099502378e+00
6.484005301798785592e-02 1.485015354821599187e+00
9.633019057995667600e-02 1.317399445017596316e+00
1.278203281419254822e-01 1.177037411573464754e+00
1.593104657038943162e-01 1.049157104041916755e+00
1.908006032658631224e-01 9.285758191090092151e-01
2.222907408278319286e-01 8.129548552687337892e-01
2.537808783898007903e-01 7.010469769952880625e-01
2.852710159517696242e-01 5.921018229430581314e-01
3.167611535137384582e-01 4.856249820011351304e-01
3.482512910757072366e-01 3.812673618409418985e-01
3.797414286376760706e-01 2.787691111834365021e-01
4.112315661996449045e-01 1.779280911672316834e-01
4.427217037616136830e-01 7.858301587631166818e-02
4.742118413235825169e-01 -1.939940054833446531e-02
5.057019788855513509e-01 -1.161300936839628761e-01
5.371921164475201849e-01 -2.117038846458666468e-01
5.686822540094890188e-01 -3.062026889007128938e-01
6.001723915714578528e-01 -3.996976287856847110e-01
6.316625291334266867e-01 -4.922512736076949391e-01
6.631526666953954097e-01 -5.839191120344979780e-01
6.946428042573642436e-01 -6.747506399713485425e-01
7.261329418193330776e-01 -7.647902464286960855e-01
7.576230793813019115e-01 -8.540779394744804076e-01
7.891132169432707455e-01 -9.426499482151852183e-01
8.206033545052395795e-01 -1.030539235942918852e+00
8.520934920672084134e-01 -1.117775946574914858e+00
8.835836296291771363e-01 -1.204387769517162754e+00
9.150737671911459703e-01 -1.290400156631290152e+00
9.465639047531148043e-01 -1.375836331608121244e+00
9.780540423150836382e-01 -1.460717250553031699e+00
1.009544179877052361e+00 -1.545063091730632054e+00
1.041034317439021084e+00 1.512698960675484150e+00
1.072524455000990029e+00 1.429366070903251407e+00
1.104014592562958752e+00 1.346516374611835598e+00
1.135504730124927697e+00 1.264135458233167419e+00
1.166994867686896420e+00 1.182205145762667664e+00
1.198485005248865365e+00 1.100713747558923483e+00
1.229975142810834088e+00 1.019652482433013541e+00
1.261465280372803033e+00 9.390034010371380857e-01
1.292955417934771756e+00 8.587567776886001480e-01
1.324445555496740479e+00 7.789074140987147787e-01
1.355935693058709424e+00 6.994360377329834622e-01
1.387425830620678147e+00 6.203392631150023151e-01
1.418915968182647092e+00 5.416087185462894471e-01
1.450406105744615815e+00 4.632280010500021694e-01
1.481896243306584759e+00 3.852003148983877967e-01
1.513386380868553482e+00 3.075052688738524886e-01
1.544876518430522205e+00 2.301454603285512934e-01
1.576366655992491150e+00 1.531074738954971426e-01
1.607856793554459873e+00 7.638610513349217146e-02
1.639346931116428818e+00 -2.335460564483049433e-05
1.670837068678397541e+00 -7.613244063615276502e-02
1.702327206240366486e+00 -1.519400766222439858e-01
1.733817343802335209e+00 -2.274608444910510285e-01
1.765307481364303932e+00 -3.026911944708735036e-01
1.796797618926272877e+00 -3.776458183517913958e-01
1.828287756488241600e+00 -4.523215221971051414e-01
1.859777894050210323e+00 -5.267304642124867042e-01
