7.575813458071678497e-05
3.992092148399351004e-04
9.813025414959763992e-04
1.822475867058859222e-03
2.923190755788063200e-03
4.284034023807947733e-03
5.905727386671832946e-03
7.789129381243986572e-03
9.935236009593673145e-03
1.234518109263227359e-02
1.502023655129014479e-02
1.796181267530672088e-02
2.117145839845302469e-02
2.465086158608587041e-02
2.840184933624501085e-02
3.242638829353960972e-02
3.672658497413316958e-02
4.130468609958248827e-02
4.616307893691984354e-02
5.130429164207161996e-02
5.673099360345146280e-02
6.244599578231713188e-02
6.845225104624930168e-02
7.475285449187318854e-02
8.135104375269963661e-02
8.825019928773381039e-02
9.545384464624118159e-02
1.029656467038240208e-01
1.107894158646960392e-01
1.189291062247943565e-01
1.273888156900961910e-01
1.361727860442474292e-01
1.452854029593286800e-01
1.547311959433130824e-01
1.645148382174934643e-01
1.746411465168518085e-01
1.851150808060848529e-01
1.959417439036772457e-01
2.071263810061412247e-01
2.186743791042351504e-01
2.305912662826747894e-01
2.428827108945561530e-01
2.555545206014078197e-01
2.686126412694846977e-01
2.820631557126365152e-01
2.959122822717612511e-01
3.101663732205970359e-01
3.248319129872809796e-01
3.399155161808571357e-01
3.554239254116178248e-01
3.713640088939100803e-01
3.877427578197722990e-01
4.045672834915339244e-01
4.218448142012687363e-01
4.395826918447809373e-01
4.577883682576002755e-01
4.764694012602819218e-01
4.956334504001445040e-01
5.152882723764411477e-01
5.354417161358375754e-01
5.561017176249984928e-01
5.772762941870037690e-01
5.989735385883081520e-01
6.212016126629540391e-01
6.439687405607916748e-01
6.672832015865495237e-01
6.911533226167152488e-01
7.155874700813615874e-01
7.405940414982696840e-01
7.661814565469589056e-01
7.923581476705710003e-01
8.191325501939141773e-01
8.465130919464138870e-01
8.745081823792215658e-01
9.031262011662752887e-01
9.323754862797544174e-01
9.622643215310460185e-01
9.928009235691339640e-01
1.023993428329140087e+00
1.055849876924691788e+00
1.088378200978778132e+00
1.121586207388838297e+00
1.155481562523003713e+00
1.190071775845652713e+00
1.225364182971782956e+00
1.261365928151132021e+00
1.298083946184483750e+00
1.335524943776214446e+00
1.373695380328814331e+00
1.412601448186908470e+00
1.452249052340174540e+00
1.492643789596516779e+00
1.533790927238893875e+00
1.575695381181342558e+00
1.618361693641953813e+00
1.661794010352844353e+00
1.705996057329548954e+00
1.750971117224703999e+00
1.796722005293402091e+00
1.843251045000179111e+00
1.890560043300233861e+00
1.938650265630154301e+00
1.987522410646176851e+00
2.037176584750749697e+00
2.087612276450988791e+00
2.138828330595413441e+00
2.190822922538184336e+00
2.243593532282893932e+00
2.297136918660764859e+00
2.351449093600903595e+00
2.406525296553019722e+00
2.462359969125726078e+00
2.518946730006169865e+00
2.576278350229329828e+00
2.634346728867795306e+00
2.693142869215201074e+00
2.752656855538767822e+00
2.812877830478516472e+00
2.873793973172674043e+00
2.935392478190625098e+00
2.997659535356340665e+00
3.060580310546667349e+00
3.124138927550047740e+00
3.188318451072200688e+00
3.253100870976029846e+00
3.318467087843481877e+00
3.384396899947217818e+00
3.450868991719911349e+00
3.517860923808479257e+00
3.585349124799860121e+00
3.653308884703851511e+00
3.721714350277076200e+00
3.790538522270384014e+00
3.859753254679807455e+00
3.929329256078708532e+00
3.999236093105774437e+00
4.069442196180313331e+00
4.139914867512522356e+00
4.210620291472375598e+00
4.281523547376310468e+00
4.352588624745995283e+00
4.423778441088218827e+00
4.495054862239364901e+00
4.566378725311846409e+00
4.637709864273576343e+00
4.709007138184806429e+00
4.780228462109631593e+00
4.851330840712047454e+00
4.922270404538842570e+00
4.993002448983586028e+00
5.063481475917813945e+00
5.133661237967063862e+00
5.203494785400791578e+00
5.272934515596335636e+00
5.341932225028223513e+00
5.410439163725003553e+00
5.478406092126684612e+00
5.545783340266631889e+00
5.612520869192782591e+00
5.678568334533662387e+00
5.743875152105913706e+00
5.808390565450944010e+00
5.872063715179665522e+00
5.934843709995725192e+00
5.996679699259322760e+00
6.057520946945794016e+00
6.117316906845401192e+00
6.176017298843555103e+00
6.233572186113851998e+00
6.289932053049859029e+00
6.345047883755762896e+00
6.398871240910572133e+00
6.451354344815841912e+00
6.502450152432675878e+00
6.552112436210228985e+00
6.600295862505041633e+00
6.646956069388413546e+00
6.692049743637445758e+00
6.735534696704759128e+00
6.777369939461867610e+00
6.817515755511880826e+00
6.855933772868985976e+00
6.892587033804234764e+00
6.927440062660505937e+00
6.960458931443396224e+00
6.991611322999491840e+00
7.020866591599181916e+00
7.048195820747590545e+00
7.073571878054906392e+00
7.096969467006148946e+00
7.118365175481711660e+00
7.137737520894935628e+00
7.155066991837021106e+00
7.170336086166763323e+00
7.183529345597779781e+00
7.194633387184662610e+00
7.203636933415889843e+00
7.210530848960036820e+00
7.215308236998195568e+00
7.217965286029036420e+00
