1.944248712727782700e-04
4.526841313763122995e-04
7.115655773715924256e-04
9.708573417150775584e-04
1.230670139718530696e-03
1.491136658129156535e-03
1.752393147861722308e-03
2.014576836108096514e-03
2.277825386166861758e-03
2.542276762292093595e-03
2.808069198737614316e-03
3.075341200132137524e-03
3.344231552033653625e-03
3.614879334336448379e-03
3.887423934659743358e-03
4.162005060384597367e-03
4.438762748717932013e-03
4.717837374286784624e-03
4.999369653974034683e-03
5.283500648716834593e-03
5.570371762017641004e-03
5.860124734922064586e-03
6.152901637240053810e-03
6.448844854772925635e-03
6.748097072290171888e-03
7.050801252041591360e-03
7.357100607522848099e-03
7.667138572279606941e-03
7.981058763467312883e-03
8.299004939916429860e-03
8.621120954433545563e-03
8.947550700074958369e-03
9.278438050108091251e-03
9.613926791385412132e-03
9.954160550853323117e-03
1.029928271489350192e-02
1.064943634123044838e-02
1.100476406308323329e-02
1.136540798528900588e-02
1.173150957208967358e-02
1.210320952628308501e-02
1.248064765944049796e-02
1.286396275289991738e-02
1.325329240921332800e-02
1.364877289378462442e-02
1.405053896637003218e-02
1.445872370218927692e-02
1.487345830231992169e-02
1.529487189314017101e-02
1.572309131451739284e-02
1.615824089650151965e-02
1.660044222425821267e-02
1.704981389101486305e-02
1.750647123879232187e-02
1.797052608670201071e-02
1.844208644663634239e-02
1.892125622616329730e-02
1.940813491848211378e-02
1.990281727931446365e-02
2.040539299061781484e-02
2.091594631106965391e-02
2.143455571324854106e-02
2.196129350753311602e-02
2.249622545271856219e-02
2.303941035343297361e-02
2.359089964443713064e-02
2.415073696197528319e-02
2.471895770235254045e-02
2.529558856799118266e-02
2.588064710125050072e-02
2.647414120636798832e-02
2.707606865991412509e-02
2.768641661023766437e-02
2.830516106642238724e-02
2.893226637734672493e-02
2.956768470151894049e-02
3.021135546840486574e-02
3.086320483207278045e-02
3.152314511801995039e-02
3.219107426415684925e-02
3.286687525698091944e-02
3.355041556406818809e-02
3.424154656408909952e-02
3.494010297564618256e-02
3.564590228630930974e-02
3.635874418332438185e-02
3.707840998755151940e-02
3.780466209228110913e-02
3.853724340866859083e-02
3.927587681961227511e-02
4.002026464399514871e-02
4.077008811329196208e-02
4.152500686263321111e-02
4.228465843850057887e-02
4.304865782531185070e-02
4.381659699322974083e-02
4.458804446960196871e-02
4.536254493651898506e-02
4.613961885703092569e-02
4.691876213263581480e-02
4.769944579469823087e-02
4.848111573251040474e-02
4.926319246074624403e-02
5.004507092909188382e-02
5.082612037686113499e-02
5.160568423541640054e-02
5.238308008122566362e-02
5.315759964237209284e-02
5.392850886132694033e-02
5.469504801675419831e-02
5.545643190708401948e-02
5.621185009853502113e-02
5.696046724019392105e-02
5.770142344868130907e-02
5.843383476483277050e-02
5.915679368471900984e-02
5.986936976718968545e-02
6.057061031999422945e-02
6.125954116636372210e-02
6.193516749376692943e-02
6.259647478636629070e-02
6.324242984247549493e-02
6.387198187811676808e-02
6.448406371751846944e-02
6.507759307114760472e-02
6.565147390158608542e-02
6.620459787730219314e-02
6.673584591401425514e-02
6.724408980309976025e-02
6.772819392609416567e-02
6.818701705406109148e-02
6.861941423020058439e-02
6.902423873373016161e-02
6.940034412271642306e-02
6.974658635310686250e-02
7.006182597089218034e-02
7.034493037387973269e-02
7.059477613921852357e-02
7.081025141236682585e-02
7.099025835288905184e-02
7.113371563195822200e-02
7.123956097618788785e-02
7.130675375191009024e-02
7.133427758380118944e-02
7.132114300120097339e-02
7.126639010534863150e-02
7.116909125024027671e-02
7.102835372962555682e-02
7.084332246232431796e-02
7.061318266774761765e-02
7.033716252336955077e-02
7.001453579552635587e-02
6.964462443486107990e-02
6.922680112754102388e-02
6.876049179318637072e-02
6.824517802047840032e-02
6.768039943119653901e-02
6.706575596367482517e-02
6.640091006631913817e-02
6.568558879231695125e-02
6.491958578636970734e-02
6.410276315479582210e-02
6.323505321018245418e-02
6.231646008229808908e-02
6.134706118707718842e-02
6.032700854584394784e-02
5.925652994730422340e-02
5.813592994530498992e-02
5.696559068559239880e-02
5.574597255559504694e-02
5.447761465145543880e-02
5.316113505732980582e-02
5.179723093243526755e-02
5.038667840195226039e-02
4.893033224863305858e-02
4.742912540253543807e-02
4.588406822707625371e-02
4.429624760022159158e-02
4.266682579064023234e-02
4.099703912895787811e-02
3.928819647552951599e-02
3.754167748647826985e-02
3.575893068086311022e-02
3.394147131252504834e-02
3.209087905086675796e-02
3.020879547579312374e-02
2.829692139287343436e-02
2.635701397579352095e-02
2.439088374401526468e-02
2.240039138596027976e-02
2.038744443980318108e-02
1.835399385043437123e-02
1.630203043443381392e-02
1.423358132210164086e-02
1.215070655978114748e-02
1.005549648119001029e-02
7.950072330607876880e-03
5.836603650071998939e-03
3.717455630710653561e-03
1.597655807436682528e-03
