  0.27706250E+01  0.128410E+00
  0.26107813E+01  0.128063E+00
  0.24683750E+01  0.127356E+00
  0.22255840E+01  0.127586E+00
  0.21212598E+01  0.128980E+00
  0.20262780E+01  0.131415E+00
  0.19394375E+01  0.134109E+00
  0.17863240E+01  0.604236E-01
  0.17184889E+01  0.616651E-01
  0.16556174E+01  0.631315E-01
  0.15971838E+01  0.637781E-01
  0.15427344E+01  0.640636E-01
  0.14918750E+01  0.643698E-01
  0.14442620E+01  0.646370E-01
  0.13995941E+01  0.647585E-01
  0.13576062E+01  0.649720E-01
  0.13180643E+01  0.651384E-01
  0.12807606E+01  0.656765E-01
  0.12455103E+01  0.659354E-01
  0.12121484E+01  0.662224E-01
  0.11805272E+01  0.665495E-01
  0.11505138E+01  0.670690E-01
  0.11219886E+01  0.672185E-01
  0.10948438E+01  0.683833E-01
  0.10689813E+01  0.701094E-01
  0.10443125E+01  0.686715E-01
  0.99823989E+00  0.696155E-01
  0.97669514E+00  0.700890E-01
  0.95606074E+00  0.705670E-01
  0.93628017E+00  0.712211E-01
  0.91730152E+00  0.726796E-01
  0.89907699E+00  0.660172E-01
  0.88156250E+00  0.667508E-01
  0.86471736E+00  0.667898E-01
  0.84850391E+00  0.672781E-01
  0.83288727E+00  0.680395E-01
  0.81783509E+00  0.684782E-01
  0.80331731E+00  0.686784E-01
  0.78930596E+00  0.691567E-01
  0.77577500E+00  0.693662E-01
  0.76270014E+00  0.696642E-01
  0.75005870E+00  0.698732E-01
  0.73782948E+00  0.700181E-01
  0.72599265E+00  0.701441E-01
  0.71452961E+00  0.703722E-01
  0.70342293E+00  0.703160E-01
  0.69265625E+00  0.706259E-01
