  0.17863240E+01  0.604223E-01
  0.17184889E+01  0.616608E-01
  0.16556174E+01  0.631286E-01
  0.15971838E+01  0.637766E-01
  0.15427344E+01  0.640629E-01
  0.14918750E+01  0.643691E-01
  0.14442620E+01  0.646393E-01
  0.13995941E+01  0.647555E-01
  0.13576062E+01  0.649712E-01
  0.13180643E+01  0.651333E-01
  0.12807606E+01  0.656852E-01
  0.12455103E+01  0.659444E-01
  0.12121484E+01  0.662335E-01
  0.11805272E+01  0.665537E-01
  0.11505138E+01  0.670721E-01
  0.11219886E+01  0.672215E-01
  0.10948438E+01  0.683856E-01
  0.10689813E+01  0.701081E-01
  0.10443125E+01  0.686737E-01
  0.99823989E+00  0.696191E-01
  0.97669514E+00  0.700968E-01
  0.95606074E+00  0.705721E-01
  0.93628017E+00  0.712186E-01
  0.91730152E+00  0.726114E-01
  0.89907699E+00  0.665876E-01
  0.88156250E+00  0.666405E-01
  0.86471736E+00  0.668405E-01
  0.84850391E+00  0.670443E-01
  0.83288727E+00  0.680515E-01
  0.81783509E+00  0.685120E-01
  0.80331731E+00  0.687846E-01
  0.78930596E+00  0.691406E-01
  0.77577500E+00  0.692977E-01
  0.76270014E+00  0.695909E-01
  0.75005870E+00  0.699367E-01
  0.73782948E+00  0.699997E-01
  0.72599265E+00  0.701300E-01
  0.71452961E+00  0.704017E-01
  0.70342293E+00  0.702992E-01
  0.69265625E+00  0.706552E-01